   Pi    depth   Ti       vbplg        vbsp         vbopx        vbc2c        vbcpx        vbwo         vbpwo        vbgt         vbcpv        vbol         vbwa         vbri         vbil         vbpv         vbppv        vbcf         vbnal        vbmw         vbqtz        vbcoes       vbst         vbapbo       vbky         vbneph       vbfea        vbfeg        vbfee        
   0.00    -0.00  1244.60         5.06446         5.87453         4.79193         5.10810         5.66032         5.37482         5.19570         6.27451         7.07992         5.68124         5.95061         6.43261         6.41676         6.48998         6.22266         6.19026         6.69889         5.47065         5.16465         5.91478         7.94716         8.14504         6.36016         4.25801         4.07653         3.99946         3.96617
   1.00    36.28  1257.07         5.14686         6.21669         5.10784         5.24702         5.78410         5.47538         5.29361         6.48607         7.12629         5.49222         6.02033         6.49642         6.48068         6.53767         6.27782         6.24384         6.76039         5.53370         5.80475         5.96944         7.99333         8.18819         6.42522         4.40378         4.15724         4.08061         4.02583
   2.00    66.34  1288.50         5.16276         6.28531         5.19141         5.36882         5.95371         5.56515         5.38148         6.61637         7.16396         5.57379         6.07827         6.54945         6.53285         6.57795         6.31965         6.28895         6.81206         5.58597         2.97758         6.02100         8.02721         8.21957         6.58700         4.53249         4.22368         4.14581         4.07221
   3.00    96.41  1310.95         5.26821         6.35708         5.36573         5.48906         6.06423         5.65414         5.46804         6.69052         7.20486         5.65722         6.13932         6.60571         6.58858         6.62066         6.36623         6.33666         6.86677         5.64113         3.87956         6.08181         8.06627         8.25600         6.64600         4.65508         4.29283         4.21450         4.12281
   4.00   126.48  1323.51         5.36860         6.43207         5.53432         5.60834         6.17389         5.74258         5.55354         6.76447         7.24923         5.74255         6.20353         6.66529         6.64798         6.66596         6.41766         6.38717         6.92471         5.69926         4.29938         6.13050         8.11074         8.29772         6.60333         4.77260         4.36490         4.28688         4.17793
   5.00   156.54  1334.48         5.46335         6.50567         5.69256         5.72303         6.26706         5.82805         5.63597         6.82910         7.29357         5.82543         6.26668         6.72417         6.70666         6.71101         6.46871         6.43726         6.98214         5.75648         4.57063         6.17755         8.15546         8.33977         6.66291         4.88363         4.43523         4.35758         4.23249
   6.00   186.61  1343.72         5.55313         6.57804         5.84213         5.83369         6.35117         5.91083         5.71562         6.89116         7.33793         5.90610         6.32889         6.78243         6.76470         6.75584         6.51948         6.48699         7.03914         5.81290         4.77590         6.22305         8.20048         8.38218         6.72159         4.98906         4.50404         4.42680         4.28659
   7.00   216.67  1351.86         5.63840         6.64895         5.98388         5.94046         6.42946         5.99100         5.79259         6.95164         7.38207         5.98448         6.38992         6.83982         6.82185         6.80027         6.56963         6.53615         7.09547         5.86829         4.94218         6.26708         8.24543         8.42460         6.77924         5.08943         4.57113         4.49431         4.33990
   8.00   246.00  1359.21         5.71957         6.71834         6.11868         6.04356         6.50383         6.06866         5.86703         7.01109         7.42586         6.06061         6.44972         6.89627         6.87802         6.84422         6.61900         6.58466         7.15103         5.92260         5.08216         6.30969         8.29011         8.46683         6.83585         5.18525         4.63648         4.56008         4.39231
   9.00   275.15  1389.39         5.79422         6.77592         6.23582         6.13421         6.57038         6.13834         5.93432         7.06552         7.46032         6.12531         6.49904         6.94263         6.92329         6.88049         6.65579         6.62461         7.19682         5.96712         5.19612         6.34033         8.55934         8.49677         6.88603         5.27235         4.68940         4.61191         4.43154
  10.00   304.13  1395.93         5.86832         6.84255         6.35931         6.23091         6.63975         6.21159         6.00429         7.12430         7.50329         6.19751         6.55656         6.99726         6.97760         6.92339         6.70372         6.67179         7.25083         6.01941         5.30306         6.38049         8.60006         8.53849         6.94063         5.36052         4.75162         4.67453         4.48214
  11.00   332.89  1401.83         5.93927         6.90784         6.47785         6.32475         6.70719         6.28281         6.07223         7.18340         7.54588         6.26785         6.61297         7.05100         7.03100         6.96582         6.75092         6.71835         7.30411         6.07072         5.39801         6.41944         8.64045         8.57995         6.99430         5.44536         4.81238         4.73567         4.53188
  12.00   361.54  1407.05         6.00733         6.97191         6.59198         6.41597         6.77297         6.35216         6.13827         7.24356         7.58814         6.33648         6.66835         7.10392         7.08355         7.00779         6.79744         6.76432         7.35670         6.12112         5.48317         6.45721         8.68052         8.62118         7.04708         4.31206         4.87179         4.79546         4.58083
  13.00   389.99  1411.44         6.07271         7.03487         6.70214         6.50480         6.83731         6.41979         6.20259         7.30590         7.63011         6.40356         6.72279         7.15608         7.13534         7.04937         6.84338         6.80977         7.40868         6.17069         5.56014         6.49388         8.72033         8.66224         7.09904         4.87303         4.93001         4.85404         4.62909
  14.00   417.30  1414.77         6.13562         7.09687         6.80880         6.59149         6.90048         6.48584         6.26531         7.37231         7.67188         6.46926         6.77641         7.20761         7.18650         7.09063         6.88886         6.85480         7.46014         6.21956         5.63015         6.52951         8.75993         8.70324         7.15025         5.05638         4.98718         4.91159         4.67679
  15.00   443.99  1416.59         6.19625         7.15811         6.91241         6.67634         6.96336         6.55052         6.32662         7.44646         7.71362         6.53382         6.82940         7.25867         7.23721         7.13171         6.93409         6.89954         7.51126         6.26789         5.69421         6.56414         8.79945         8.74438         7.20085         5.17656         5.04356         4.96838         4.72418
  16.00   470.33  1421.02         6.25436         7.21714         7.01171         6.75815         6.81099         6.61308         6.38593         7.50944         7.75390         6.59599         6.88046         7.30794         7.28603         7.17148         6.97736         6.94279         7.56067         6.31444         5.75255         6.59767         8.83780         8.78379         7.25004         5.26883         5.09760         5.02266         4.76940
  17.00   496.56  1427.31         6.31018         7.27436         7.10735         6.83732         6.87244         6.67382         6.44348         7.56063         7.79302         6.65618         6.92995         7.35576         7.33334         7.21020         7.01908         6.98482         7.60870         6.35954         5.80600         6.63017         8.87521         8.82188         7.29802         5.34692         5.14973         5.07491         4.81290
  18.00   522.40  1433.49         6.36400         7.33055         7.20026         6.91465         6.93264         6.73321         6.49969         7.61099         7.83169         6.71510         6.97855         7.40282         7.37989         7.24843         7.06013         7.02625         7.65604         6.40384         5.85531         6.66175         8.91224         8.85957         7.34524         5.41691         5.20079         5.12606         4.85562
  19.00   548.19  1439.55         6.41592         7.38575         7.29065         6.99024         6.99165         6.79130         6.55463         7.66057         7.86993         6.77281         7.02630         7.44915         7.42569         7.28619         7.10054         7.06712         7.70272         6.44739         5.90092         6.69244         8.94888         8.89686         7.39171         5.48113         5.25082         5.17618         4.89760
  20.00   573.57  1445.51         6.46604         7.44002         7.37867         7.06418         7.04953         6.84818         6.60836         7.70939         7.90773         6.82937         7.07325         7.49477         7.47078         7.32348         7.14034         7.10742         7.74876         6.49021         5.94318         6.72229         8.98516         8.93377         7.43748         5.54095         5.29988         5.22531         4.93886
  21.00   598.92  1452.89         6.51431         7.49290         7.46402         7.13612         7.10604         6.90365         6.66073         7.75832         8.25587         6.88444         7.11900         7.53929         7.51472         7.35995         7.17898         7.14677         7.79371         6.53191         5.98230         6.75126         9.02071         8.96968         7.48228         5.59684         5.34750         5.27291         4.97882
  22.00   624.04  1459.58         6.56098         7.54512         7.54750         7.20676         7.16164         6.95812         6.71211         7.80619         8.29075         6.93864         7.16418         7.58333         7.55820         7.39613         7.21728         7.18577         7.83825         6.57312         6.01870         6.77946         9.05606         9.00547         7.52654         5.65000         5.39445         5.31986         5.01836
  23.00   649.12  1468.94         6.60587         7.59567         7.62824         7.27522         7.21575         7.01110         6.76208         7.85528         8.32505         6.99115         7.20790         7.62598         7.60023         7.43122         7.25406         7.60057         7.88140         6.61297         6.05242         6.80679         9.09043         9.03982         7.56968         5.70008         5.43965         5.36494         5.05620
  24.00   673.78  1483.34         6.64890         7.64391         7.70574         7.34097         7.26804         7.06228         6.81041         7.89860         8.35862         7.04146         7.24963         7.66667         7.64019         7.46466         7.28855         7.90310         7.92252         6.65091         6.08357         6.83322         9.12331         9.07185         7.61134         5.74704         5.48241         5.40737         5.09146
  25.00   696.50  1497.64         6.69049         7.69148         7.78163         7.40552         7.31947         7.11257         6.85784         7.93373         8.39185         7.09098         7.29079         7.70687         7.67966         7.49775         7.32264         8.09386         7.96317         6.68834         6.11264         6.85894         9.15592         9.10364         7.65245         5.79229         5.52449         5.44912         5.12624
  26.00   719.22  1520.43         6.73015         7.73587         7.85365         7.46663         7.36862         7.16068         6.90333         7.96757         8.42413         7.13763         7.32921         7.74432         7.71620         7.52844         7.35341         8.10463         8.33358         6.72313         6.13941         6.88368         9.18635         9.13191         7.69161         5.83442         5.56318         5.48716         5.15728
  27.00   741.81  1557.12         6.76763         7.77565         7.92061         7.52301         7.41465         7.20591         6.94631         7.98140         8.45510         7.18031         7.36366         7.77776         7.74844         8.57003         7.37919         8.10104         8.35949         6.75408         6.16390         6.90731         9.21348         9.15473         7.72799         5.87284         5.59691         5.72615         5.18265
  28.00   764.39  1597.95         6.80365         7.81382         7.98533         7.57740         7.45932         7.24984         6.98809         7.88879         8.48550         7.22147         7.39674         7.80984         8.84290         8.61633         7.40339         8.19625         8.39666         6.78370         6.18671         6.93017         9.23954         9.17591         7.76328         5.90955         5.62886         5.76079         5.20615
  29.00   786.82  1602.83         6.84055         7.86179         8.05816         7.64024         7.50932         7.29835         7.03353         7.93501         8.51818         7.27040         7.43828         7.85071         8.88043         8.65378         7.43929         8.24654         8.43718         6.82164         6.20933         6.95357         9.27328         9.21042         7.80395         5.95122         5.67154         5.80142         5.24279
  30.00   809.20  1607.47         6.87619         7.90914         8.12966         7.70209         7.55858         7.34610         7.07822         7.98065         8.55056         7.31862         7.47928         7.89111         8.91725         8.69105         7.47477         8.29587         8.47733         6.85910         6.23043         6.97634         9.30674         9.24466         7.84412         5.99155         5.71362         5.84148         5.27896
  31.00   831.57  1611.83         6.91058         7.95591         8.19990         7.76299         7.60716         7.39311         7.12219         8.02574         8.58265         7.36615         7.51976         7.93104         8.95342         8.72820         7.50988         8.34444         8.51709         6.89610         6.25007         6.99852         9.33993         9.27865         7.88383         6.03063         5.75514         5.88100         5.31471
  32.00   853.94  1615.92         6.94375         8.00211         8.26894         7.82299         7.65506         7.43942         7.16546         8.07029         8.61445         7.41301         7.55976         7.97054         8.98901         8.76522         7.54461         8.39219         8.55647         6.93265         6.26837         7.02011         9.37288         9.31240         7.92308         6.06855         5.79610         5.92000         5.35004
  33.00   876.26  1621.22         6.97564         8.04738         8.33647         7.88176         7.70209         7.48485         7.20790         8.11403         8.64587         7.45893         7.59894         8.00926         9.02341         8.79892         7.57853         8.43325         8.26962         6.96845         6.28140         7.04108         9.40527         9.34538         7.96165         6.10519         5.83610         5.95826         5.38445
  34.00   898.37  1626.97         7.00632         8.09196         8.40275         7.93952         7.74840         7.52954         7.24962         8.15713         8.67698         7.50409         7.63751         8.04741         9.05706         8.83118         7.61190         8.47140         8.30860         7.00368         6.29189         7.06148         9.43728         9.37790         7.99970         6.14075         5.87541         5.99592         5.41824
  35.00   920.47  1632.57         7.03584         8.13600         8.46796         7.99646         7.79409         7.57359         7.29072         8.19972         8.70781         7.54866         7.67562         8.08515         9.09027         8.86321         7.64491         8.50911         8.34719         7.03850         6.30165         7.08133         9.46903         9.41015         8.03731         6.17535         5.91420         6.03311         5.45163
