   Pi    depth   Ti       vpplg        vpsp         vpopx        vpc2c        vpcpx        vpwo         vppwo        vpgt         vpcpv        vpol         vpwa         vpri         vpil         vppv         vpppv        vpcf         vpnal        vpmw         vpqtz        vpcoes       vpst         vpapbo       vpky         vpneph       vpfea        vpfeg        vpfee        
   0.00    -0.00  1244.60         6.49224         7.10019         6.72414         7.21662         7.56001         7.01854         6.23204         8.37970         9.22808         7.32240         7.75191         8.40549         8.53156         8.82728         8.34248         8.55089         9.26243         6.91289         6.84626         7.70423        11.13417        11.24386         8.82525         5.67119         5.02247         4.98536         4.94511
   1.00    36.28  1257.07         6.57758         7.81629         7.02069         7.34462         7.69928         7.11991         6.33111         8.49132         9.28259         6.99809         7.82764         8.46972         8.60123         8.87764         8.40708         8.61095         9.32575         6.98072         7.31359         7.73813        11.17616        11.28758         8.89014         5.81658         5.11440         5.08507         5.02680
   2.00    66.34  1288.50         6.60709         7.86614         7.06156         7.45403         7.91057         7.20775         6.41799         8.67606         9.32434         7.07133         7.88894         8.52057         8.65564         8.91650         8.45170         8.65857         9.37493         7.03614         5.29460         7.76331        11.19859        11.31337         9.01832         5.94296         5.18242         5.15639         5.08235
   3.00    96.41  1310.95         6.70891         7.92012         7.21162         7.56437         8.03103         7.29580         6.50393         8.76445         9.37108         7.14785         7.95432         8.57585         8.71514         8.95969         8.50402         8.71051         9.42919         7.09475         5.78610         7.79736        11.22956        11.34713         9.07462         6.06363         5.25731         5.23618         5.14720
   4.00   126.48  1323.51         6.80736         7.97842         7.35971         7.67617         8.15514         7.38436         6.58926         8.84944         9.42315         7.22782         8.02392         8.63579         8.77996         9.00750         8.56427         8.76707         9.48884         7.15667         6.03739         7.82396        11.26960        11.38937         9.05945         6.17974         5.33937         5.32468         5.22165
   5.00   156.54  1334.48         6.90043         8.03596         7.50028         7.78443         8.25849         7.46993         6.67126         8.91637         9.47531         7.30577         8.09249         8.69523         8.84423         9.05530         8.62437         8.82333         9.54828         7.21748         6.20431         7.84892        11.31037        11.43242         9.11897         6.28917         5.41992         5.41151         5.29544
   6.00   186.61  1343.72         6.98878         8.09286         7.63449         7.88960         8.35157         7.55281         6.75027         8.97860         9.52763         7.38194         8.16015         8.75425         8.90805         9.10314         8.68443         8.87940         9.60757         7.27727         6.33355         7.87238        11.35194        11.47636         9.17794         6.39286         5.49922         5.49696         5.36873
   7.00   216.67  1351.86         7.07275         8.14882         7.76281         7.99162         8.43800         7.63299         6.82636         9.03846         9.57974         7.45613         8.22659         8.81253         8.97106         9.15070         8.74391         8.93493         9.66636         7.33583         6.44027         7.89425        11.39369        11.52060         9.23607         6.49130         5.57681         5.58047         5.44089
   8.00   246.00  1359.21         7.15265         8.20374         7.88577         8.09062         8.51999         7.71058         6.89967         9.09711         9.63145         7.52832         8.29173         8.86992         9.03310         9.19783         8.80255         8.98978         9.72446         7.39305         6.53164         7.91450        11.43531        11.56487         9.29326         6.58502         5.65256         5.66188         5.51164
   9.00   275.15  1389.39         7.22240         8.24557         7.98996         8.17442         8.58912         7.77736         6.96383         9.14774         9.66966         7.58605         8.34336         8.91413         9.08020         9.23285         8.84184         9.03190         9.76804         7.43892         6.59964         7.91789        11.62945        11.58969         9.33809         6.66794         5.70656         5.71798         5.55773
  10.00   304.13  1395.93         7.29516         8.29849         8.10395         8.26801         8.66559         7.85030         7.03223         9.20635         9.72041         7.65465         8.40601         8.96975         9.14032         9.27897         8.89886         9.08531         9.82466         7.49366         6.67138         7.93501        11.66830        11.63366         9.39335         6.75363         5.77893         5.79564         5.62587
  11.00   332.89  1401.83         7.36476         8.35047         8.21402         8.35917         8.74002         7.92113         7.09839         9.26602         9.77071         7.72159         8.46747         9.02454         9.19952         9.32464         8.95503         9.13804         9.88060         7.54721         6.73591         7.95068        11.70684        11.67752         9.44773         6.83585         5.84970         5.87150         5.69268
  12.00   361.54  1407.05         7.43145         8.40160         8.32056         8.44811         8.81277         7.98999         7.16248         9.32789         9.82060         7.78700         8.52783         9.07855         9.25789         9.36990         9.01045         9.19015         9.93590         7.59964         6.79453         7.96499        11.74512        11.72131         9.50131         5.98299         5.91903         5.94573         5.75831
  13.00   389.99  1411.44         7.49547         8.45197         8.42397         8.53505         8.88422         8.05707         7.22468         9.39369         9.87016         7.85106         8.58721         9.13187         9.31553         9.41481         9.06522         9.24172         9.99067         7.65105         6.84822         7.97803        11.78319        11.76513         9.55417         6.40697         5.98711         6.01856         5.82292
  14.00   417.30  1414.77         7.55703         8.50174         8.52462         8.62024         8.95488         8.12254         7.28517         9.46636         9.91951         7.91396         8.64576         9.18466         9.37260         9.45950         9.11955         9.29288        10.04504         7.70157         6.89778         7.98993        11.82122        11.80916         9.60647         6.55648         6.05419         6.09027         5.88676
  15.00   443.99  1416.59         7.61641         8.55116         8.62297         8.70400         9.02696         8.18666         7.34415         9.55168         9.96888         7.97598         8.70372         9.23713         9.42936         9.50417         9.17374         9.34385        10.09928         7.75142         6.94395         8.00089        11.85946        11.85372         9.65842         6.65850         6.12068         6.16133         5.95027
  16.00   470.33  1421.02         7.67274         8.59839         8.71719         8.78456         8.78178         8.24826         7.40078         9.61912        10.01623         8.03532         8.75931         9.28743         9.48371         9.54698         9.22507         9.39276        10.15123         7.79913         6.98555         8.00960        11.89526        11.89571         9.70824         6.73873         6.18365         6.22838         6.01005
  17.00   496.56  1427.31         7.72634         8.64389         8.80795         8.86244         8.84677         8.30773         7.45536         9.66790        10.06198         8.09246         8.81297         9.33599         9.53613         9.58835         9.27419         9.44004        10.20138         7.84510         7.02333         8.01635        11.92916        11.93579         9.75633         6.80754         6.24385         6.29230         6.06695
  18.00   522.40  1433.49         7.77781         8.68858         8.89639         8.93865         8.91044         8.36574         7.50846         9.71586        10.10717         8.14839         8.86564         9.38376         9.58771         9.62917         9.32248         9.48663        10.25081         7.89009         7.05838         8.02181        11.96247        11.97545         9.80361         6.86974         6.30280         6.35482         6.12270
  19.00   548.19  1439.55         7.82724         8.73251         8.98265         9.01329         8.97285         8.42237         7.56014         9.76302        10.15180         8.20317         8.91736         9.43078         9.63848         9.66946         9.36996         9.53255        10.29953         7.93413         7.09097         8.02602        11.99517        12.01471         9.85010         6.92708         6.36056         6.41603         6.17734
  20.00   573.57  1445.51         7.87473         8.77570         9.06689         9.08644         9.03406         8.47770         7.61050         9.80942        10.19589         8.25686         8.96818         9.47706         9.68847         9.70925         9.41667         9.57782        10.34758         7.97727         7.12131         8.02901        12.02727        12.05358         9.89584         6.98063         6.41719         6.47598         6.23094
  21.00   598.92  1452.89         7.92000         8.81757         9.14855         9.15754         9.09364         8.53138         7.65927         9.85522        10.48210         8.30888         9.01751         9.52201         9.73699         9.74790         9.46173         9.62182        10.39423         8.01906         7.14905         8.03031        12.05786        12.09100         9.94023         7.03061         6.47177         6.53364         6.28243
  22.00   624.04  1459.58         7.96361         8.85900         9.22868         9.22755         9.15232         8.58404         7.70698         9.90030        10.52341         8.36017         9.06626         9.56653         9.78508         9.78633         9.50646         9.66547        10.44054         8.06021         7.17512         8.03062        12.08821        12.12847         9.98416         7.07817         6.52573         6.59063         6.33341
  23.00   649.12  1468.94         8.00486         8.89870         9.30595         9.29518         9.20909         8.63488         7.75300         9.95045        10.56353         8.40943         9.11314         9.60929         9.83121         9.82317         9.54893         9.95780        10.48495         8.09972         7.19849         8.02887        12.11639        12.16369        10.02630         7.12274         6.57701         6.64462         6.38156
  24.00   673.78  1483.34         8.04333         8.93581         9.37952         9.35960         9.26330         8.68337         7.79696         9.98978        10.60192         8.45581         9.15734         9.64941         9.87439         9.85754         9.58793        10.31725        10.52643         8.13696         7.21850         8.02425        12.14113        12.19514        10.06575         7.16408         6.62429         6.69411         6.42538
  25.00   696.50  1497.64         8.08019         8.97240         9.45166         9.42294         9.31662         8.73091         7.83995        10.01076        10.63992         8.50142         9.20089         9.68900         9.91703         9.89154         9.62645        10.54414        10.56743         8.17355         7.23705         8.01851        12.16539        12.22636        10.10464         7.20378         6.67084         6.74283         6.46857
  26.00   719.22  1520.43         8.11366         9.00522         9.51896         9.48195         9.36649         8.77543         7.88039        10.02381        10.67542         8.54300         9.24062         9.72474         9.95534         9.92181         9.65983        10.55587        10.85911         8.20701         7.25132         8.00873        12.18449        12.25164        10.13959         7.23999         6.71157         6.78501         6.50538
  27.00   741.81  1557.12         8.14268         9.03234         9.57942         9.53473         9.41139         8.81575         7.91742        10.01359        10.70719         8.57866         9.27469         9.75466         9.98709        11.25183         9.68533        10.55156        10.87695         8.23595         7.25961         7.99304        12.19567        12.26757        10.16858         7.27181         6.74348         6.98548         6.53244
  28.00   764.39  1597.95         8.16941         9.05757         9.63718         9.58516         9.45439         8.85438         7.95296         9.88200        10.73771         8.61224         9.30684         9.78267        11.51582        11.29827         9.70842        10.65625        10.91123         8.26329         7.26534         7.97472        12.20438        12.28070        10.19553         7.30165         6.77254         7.01808         6.55646
  29.00   786.82  1602.83         8.20220         9.09589         9.70814         9.64830         9.50732         8.90083         7.99420         9.92561        10.77658         8.65869         9.35155         9.82404        11.55883        11.33732         9.75042        10.71479        10.95561         8.30024         7.28210         7.96767        12.23195        12.31730        10.23604         7.33821         6.82218         7.06874         6.60383
  30.00   809.20  1607.47         8.23353         9.13375         9.77793         9.71054         9.55950         8.94647         8.03462         9.96869        10.81508         8.70447         9.39568         9.86493        11.60077        11.37627         9.79193        10.77219        10.99957         8.33658         7.29781         7.95964        12.25893        12.35365        10.27605         7.37348         6.87114         7.11869         6.65057
  31.00   831.57  1611.83         8.26342         9.17116         9.84662         9.77191         9.61096         8.99134         8.07425        10.01124        10.85321         8.74963         9.43924         9.90536        11.64180        11.41516         9.83296        10.82866        11.04309         8.37233         7.31253         7.95066        12.28530        12.38979        10.31559         7.40755         6.91947         7.16798         6.69671
  32.00   853.94  1615.92         8.29187         9.20815         9.91426         9.83247         9.66172         9.03546         8.11312        10.05330        10.89099         8.79417         9.48226         9.94534        11.68203        11.45401         9.87355        10.88418        11.08620         8.40752         7.32633         7.94074        12.31105        12.42572        10.35469         7.44048         6.96720         7.21664         6.74228
  33.00   876.26  1621.22         8.31861         9.24421         9.98034         9.89170         9.71140         9.07855         8.15102        10.09437        10.92809         8.83761         9.52425         9.98436        11.72045        11.48692         9.91296        10.93173        10.87451         8.44177         7.33931         7.92937        12.33544        12.46052        10.39280         7.47208         7.01353         7.26398         6.78639
  34.00   898.37  1626.97         8.34379         9.27963        10.04520         9.94993         9.76024         9.12080         8.18811        10.13476        10.96471         8.88025         9.56552        10.02273        11.75779        11.51730         9.95162        10.97581        10.91504         8.47531         7.35176         7.91682        12.35884        12.49469        10.43023         7.50257         7.05894         7.31041         6.82957
  35.00   920.47  1632.57         8.36754         9.31463        10.10911        10.00740         9.80844         9.16238         8.22452        10.17466        11.00097         8.92232         9.60626        10.06066        11.79451        11.54739         9.98983        11.01937        10.95514         8.50832         7.36372         7.90331        12.38152        12.52861        10.46722         7.53210         7.10377         7.35625         6.87220
