          Pi       depth          Ti    plg         sp          opx         c2c         cpx         wo          pwo         gt          cpv         ol          wa          ri          il          pv          ppv         cf          nal         mw          qtz         coes        st          apbo        ky          neph        fea         feg         fee     
         0.00000        -0.00000      1244.59713        -0.01469        -0.00009         0.00000        -0.00000         0.01776         0.00000         0.00000        -0.00000         0.00000        -0.00443         0.00000         0.00000        -0.00000        -0.00000         0.00000         0.00000         0.00000         0.00000         0.00145         0.00000        -0.00000         0.00000         0.00000         0.00000        -0.00000        -0.00000         0.00000
         1.00000        36.28228      1257.07455         0.00000        -0.00000        -0.09760         0.00000        -0.03421         0.00000         0.00000         0.13180         0.00000        -0.00000         0.00000         0.00000        -0.00000        -0.00000        -0.00000         0.00000         0.00000         0.00000         0.00000        -0.00000        -0.00000        -0.00000         0.00000        -0.00000         0.00000         0.00000         0.00000
         2.00000        66.34476      1288.49584        -0.00000        -0.00000        -0.00000         0.00000        -0.06783         0.00000         0.00000         0.05266        -0.00000        -0.00000         0.00000        -0.00000         0.00000         0.00000         0.00000         0.00000        -0.00000         0.00000        -0.00910        -0.00000        -0.00000        -0.00000         0.02428        -0.00000         0.00000        -0.00000        -0.00000
         3.00000        96.41489      1310.95427        -0.00000         0.00000        -0.00000         0.00000        -0.09582        -0.00000         0.00000         0.11199         0.00000         0.00000         0.00000        -0.00000         0.00000         0.00000        -0.00000        -0.00000        -0.00000         0.00000        -0.00000         0.00970         0.00000         0.00000        -0.02587         0.00000        -0.00000        -0.00000        -0.00000
         4.00000       126.47625      1323.50517         0.00000         0.00000        -0.00000        -0.00000        -0.03617         0.00000        -0.00000         0.03617        -0.00000         0.00000        -0.00000         0.00000        -0.00000        -0.00000         0.00000         0.00000        -0.00000         0.00000         0.00000         0.00000        -0.00000         0.00000        -0.00000         0.00000        -0.00000        -0.00000        -0.00000
         5.00000       156.54183      1334.47552         0.00000         0.00000        -0.00000        -0.00000        -0.01900         0.00000        -0.00000         0.01900        -0.00000         0.00000        -0.00000         0.00000        -0.00000        -0.00000         0.00000         0.00000        -0.00000         0.00000         0.00000         0.00000        -0.00000         0.00000        -0.00000         0.00000        -0.00000        -0.00000        -0.00000
         6.00000       186.60540      1343.72288         0.00000         0.00000        -0.00000        -0.00000        -0.01116         0.00000        -0.00000         0.01116        -0.00000        -0.00000        -0.00000         0.00000        -0.00000        -0.00000         0.00000         0.00000        -0.00000         0.00000         0.00000        -0.00000        -0.00000         0.00000        -0.00000        -0.00000        -0.00000        -0.00000        -0.00000
         7.00000       216.66896      1351.86382         0.00000         0.00000        -0.00000        -0.00000        -0.00813         0.00000        -0.00000         0.00813        -0.00000        -0.00000        -0.00000         0.00000        -0.00000        -0.00000         0.00000         0.00000        -0.00000        -0.00000         0.00000        -0.00000        -0.00000         0.00000         0.00000        -0.00000        -0.00000        -0.00000        -0.00000
         8.00000       246.00169      1359.21418         0.00000         0.00000        -0.00000        -0.00000        -0.00772         0.00000         0.00000         0.00772        -0.00000        -0.00000        -0.00000         0.00000        -0.00000        -0.00000         0.00000         0.00000        -0.00000        -0.00000         0.00000        -0.00000        -0.00000         0.00000         0.00000        -0.00000        -0.00000        -0.00000        -0.00000
         9.00000       275.15035      1389.38945         0.00000         0.00000         0.00000        -0.00000        -0.00959        -0.00000         0.00000         0.00959        -0.00000        -0.00000         0.00000        -0.00000         0.00000         0.00000         0.00000        -0.00000        -0.00000        -0.00000         0.00000         0.00000         0.00000         0.00000         0.00000         0.00000        -0.00000        -0.00000        -0.00000
        10.00000       304.12654      1395.92759         0.00000         0.00000         0.00000        -0.00000        -0.01271        -0.00000         0.00000         0.01271        -0.00000        -0.00000         0.00000        -0.00000         0.00000         0.00000         0.00000        -0.00000        -0.00000        -0.00000         0.00000         0.00000         0.00000         0.00000         0.00000         0.00000        -0.00000        -0.00000        -0.00000
        11.00000       332.88900      1401.83339         0.00000         0.00000         0.00000        -0.00000        -0.01811        -0.00000         0.00000         0.01811        -0.00000         0.00000         0.00000        -0.00000         0.00000         0.00000         0.00000        -0.00000        -0.00000        -0.00000         0.00000         0.00000         0.00000         0.00000         0.00000         0.00000        -0.00000        -0.00000        -0.00000
        12.00000       361.53749      1407.04519         0.00000         0.00000         0.00000        -0.00000        -0.02712        -0.00000         0.00000         0.02712        -0.00000         0.00000         0.00000        -0.00000         0.00000         0.00000         0.00000        -0.00000        -0.00000        -0.00000         0.00000         0.00000         0.00000         0.00000         0.00000         0.00000        -0.00000        -0.00000        -0.00000
        13.00000       389.98609      1411.43742         0.00000         0.00000         0.00000        -0.00000        -0.04296        -0.00000         0.00000         0.04296        -0.00000         0.00000         0.00000        -0.00000         0.00000         0.00000         0.00000        -0.00000        -0.00000        -0.00000         0.00000         0.00000         0.00000         0.00000         0.00000         0.00000        -0.00000         0.00000        -0.00000
        14.00000       417.29753      1414.77242         0.00000         0.00000         0.00000        -0.00000        -0.07420        -0.00000         0.00000         0.07420        -0.00000         0.00000         0.00000        -0.00000         0.00000         0.00000         0.00000        -0.00000        -0.00000        -0.00000         0.00000         0.00000         0.00000         0.00000         0.00000         0.00000        -0.00000         0.00000        -0.00000
        15.00000       443.99125      1416.59174         0.00000         0.00000         0.00000        -0.00000        -0.14849        -0.00000         0.00000         0.14849        -0.00000         0.00000         0.00000        -0.00000         0.00000         0.00000         0.00000        -0.00000        -0.00000        -0.00000         0.00000         0.00000         0.00000         0.00000         0.00000         0.00000        -0.00000         0.00000        -0.00000
        16.00000       470.32792      1421.01983         0.00000         0.00000         0.00000         0.00000         0.00000         0.00000         0.00000         0.00000         0.00000         0.00000         0.00000         0.00000         0.00000         0.00000         0.00000         0.00000         0.00000         0.00000         0.00000         0.00000         0.00000         0.00000         0.00000         0.00000         0.00000         0.00000         0.00000
        17.00000       496.56087      1427.31084         0.00000         0.00000         0.00000         0.00000         0.00000         0.00000         0.00000         0.00000         0.00000         0.00000         0.00000         0.00000         0.00000         0.00000         0.00000         0.00000         0.00000         0.00000         0.00000         0.00000         0.00000         0.00000         0.00000         0.00000         0.00000         0.00000         0.00000
        18.00000       522.40358      1433.48740         0.00000         0.00000         0.00000         0.00000         0.00000         0.00000         0.00000         0.00000         0.00000         0.00000         0.00000         0.00000         0.00000         0.00000         0.00000         0.00000         0.00000         0.00000         0.00000         0.00000         0.00000         0.00000         0.00000         0.00000         0.00000         0.00000         0.00000
        19.00000       548.18742      1439.55399         0.00000         0.00000         0.00000         0.00000         0.00000         0.00000         0.00000         0.00000         0.00000         0.00000         0.00000         0.00000         0.00000         0.00000         0.00000         0.00000         0.00000         0.00000         0.00000         0.00000         0.00000         0.00000         0.00000         0.00000         0.00000         0.00000         0.00000
        20.00000       573.57014      1445.51482         0.00000         0.00000         0.00000         0.00000         0.00000         0.00000         0.00000         0.00000         0.00000         0.00000         0.00000         0.00000         0.00000         0.00000         0.00000         0.00000         0.00000         0.00000         0.00000         0.00000         0.00000         0.00000         0.00000         0.00000         0.00000         0.00000         0.00000
        21.00000       598.92253      1452.88578        -0.00000         0.00000         0.00000         0.00000        -0.00000        -0.00000         0.00000        -0.00692         0.00692        -0.00000        -0.00000        -0.00000        -0.00000         0.00000         0.00000        -0.00000        -0.00000        -0.00000        -0.00000        -0.00000         0.00000         0.00000         0.00000         0.00000         0.00000         0.00000        -0.00000
        22.00000       624.04227      1459.58306        -0.00000         0.00000         0.00000         0.00000        -0.00000        -0.00000         0.00000        -0.00235         0.00235        -0.00000        -0.00000        -0.00000        -0.00000         0.00000         0.00000        -0.00000        -0.00000        -0.00000        -0.00000        -0.00000         0.00000         0.00000         0.00000         0.00000         0.00000         0.00000        -0.00000
        23.00000       649.12026      1468.94380        -0.00000         0.00000         0.00000         0.00000        -0.00000        -0.00000         0.00000        -0.09761         0.04911         0.00000        -0.00000        -0.00000        -0.00000         0.00000        -0.00000         0.03395        -0.00000        -0.00000        -0.00000         0.00000         0.01455        -0.00000         0.00000         0.00000        -0.00000         0.00000        -0.00000
        24.00000       673.78483      1483.33579        -0.00000         0.00000         0.00000         0.00000        -0.00000        -0.00000         0.00000        -0.09839         0.04929         0.00000        -0.00000        -0.00000        -0.00000         0.00000        -0.00000         0.03437        -0.00000        -0.00000        -0.00000         0.00000         0.01473        -0.00000         0.00000         0.00000        -0.00000         0.00000        -0.00000
        25.00000       696.50299      1497.64150        -0.00000         0.00000         0.00000         0.00000        -0.00000        -0.00000         0.00000        -0.08963         0.04484         0.00000        -0.00000        -0.00000        -0.00000        -0.00000        -0.00000         0.03136        -0.00000        -0.00000        -0.00000         0.00000         0.01344        -0.00000         0.00000         0.00000        -0.00000         0.00000        -0.00000
        26.00000       719.22116      1520.43378        -0.00000         0.00000        -0.00000        -0.00000         0.00000        -0.00000        -0.00000        -0.08734         0.04353         0.00000        -0.00000        -0.00000        -0.00000         0.00000         0.00000        -0.01027         0.04094         0.00000        -0.00000        -0.00000         0.01314        -0.00000        -0.00000         0.00000         0.00000        -0.00000        -0.00000
        27.00000       741.81150      1557.11855         0.00000         0.00000        -0.00000        -0.00000         0.00000         0.00000         0.00000        -0.64488         0.05279         0.00000         0.00000         0.00000         0.00000         0.31295         0.00000        -0.08826         0.26271         0.00000        -0.00000         0.00000         0.10169        -0.00000        -0.00000        -0.00000         0.00000         0.00299         0.00000
        28.00000       764.39099      1597.95102         0.00000        -0.00000         0.00000        -0.00000         0.00000        -0.00000         0.00000        -0.00000         0.00000         0.00000        -0.00000         0.00000        -0.00086         0.00285        -0.00000         0.00108        -0.00210        -0.00000        -0.00000        -0.00000        -0.00092        -0.00000        -0.00000        -0.00000         0.00000        -0.00005         0.00000
        29.00000       786.82469      1602.82923        -0.00000        -0.00000         0.00000        -0.00000         0.00000        -0.00000         0.00000        -0.00000         0.00000        -0.00000        -0.00000         0.00000        -0.00073         0.00281        -0.00000         0.00156        -0.00264        -0.00000        -0.00000        -0.00000        -0.00095        -0.00000        -0.00000        -0.00000         0.00000        -0.00005         0.00000
        30.00000       809.19806      1607.46695        -0.00000         0.00000         0.00000         0.00000        -0.00000         0.00000        -0.00000        -0.00000        -0.00000         0.00000        -0.00000        -0.00000        -0.00063         0.00281         0.00000         0.00205        -0.00318        -0.00000        -0.00000        -0.00000        -0.00099         0.00000         0.00000         0.00000         0.00000        -0.00006        -0.00000
        31.00000       831.57144      1611.82946        -0.00000         0.00000        -0.00000         0.00000        -0.00000         0.00000        -0.00000        -0.00000        -0.00000         0.00000        -0.00000        -0.00000        -0.00056         0.00283         0.00000         0.00257        -0.00375         0.00000        -0.00000        -0.00000        -0.00103         0.00000         0.00000         0.00000         0.00000        -0.00006        -0.00000
        32.00000       853.94481      1615.92176        -0.00000         0.00000         0.00000        -0.00000         0.00000        -0.00000         0.00000        -0.00000         0.00000        -0.00000        -0.00000         0.00000        -0.00051         0.00288        -0.00000         0.00310        -0.00434         0.00000         0.00000        -0.00000        -0.00107         0.00000        -0.00000         0.00000         0.00000        -0.00006         0.00000
        33.00000       876.25551      1621.22474        -0.00000         0.00000         0.00000        -0.00000        -0.00000         0.00000         0.00000        -0.00000        -0.00000         0.00000        -0.00000         0.00000        -0.00139         0.00254         0.00000        -0.00031         0.00000         0.00000         0.00000         0.00000        -0.00077        -0.00000        -0.00000        -0.00000        -0.00000        -0.00007         0.00000
        34.00000       898.36522      1626.96794        -0.00000         0.00000         0.00000        -0.00000        -0.00000         0.00000         0.00000        -0.00000        -0.00000         0.00000        -0.00000         0.00000        -0.00142         0.00259         0.00000        -0.00030         0.00000         0.00000         0.00000         0.00000        -0.00080        -0.00000        -0.00000        -0.00000        -0.00000        -0.00007         0.00000
        35.00000       920.47493      1632.57386        -0.00000         0.00000         0.00000        -0.00000        -0.00000         0.00000         0.00000        -0.00000        -0.00000         0.00000        -0.00000         0.00000        -0.00146         0.00266         0.00000        -0.00029         0.00000         0.00000         0.00000         0.00000        -0.00083        -0.00000        -0.00000        -0.00000        -0.00000        -0.00008         0.00000
