   0.0000000000000000        1244.5971281242535             1088           1   1.0371824729872255E-005   1.0371824729872255E-005
   1.0000000000000000        1257.0745536530872             3901           3   9.3706877695447503E-004   9.3706877695447503E-004
   2.0000000000000000        1288.4958431902464             2981           5   9.6209764504154500E-004   9.6209764504154500E-004
   3.0000000000000000        1310.9542740755921              192           6   5.2415970130560109E-003   5.2415970130560109E-003
   4.0000000000000000        1323.5051663771774              132           6   4.8000313446618648E-003   5.2415970130560109E-003
   5.0000000000000000        1334.4755181465139              174           6   2.0988664808070873E-004   5.2415970130560109E-003
   6.0000000000000000        1343.7228849095209               79           6   1.8566899442897317E-004   5.2415970130560109E-003
   7.0000000000000000        1351.8638208606894               50           6   3.3136555179686199E-006   5.2415970130560109E-003
   8.0000000000000000        1359.2141796735107               87           6   2.8669875347664664E-007   5.2415970130560109E-003
   9.0000000000000000        1389.3894533018886              624           7   2.8350267589519708E-003   5.2415970130560109E-003
   10.000000000000000        1395.9275949195844               45           7   3.1529772653335550E-007   5.2415970130560109E-003
   11.000000000000000        1401.8333948018915               76           7   2.2317277023348232E-004   5.2415970130560109E-003
   12.000000000000000        1407.0451901849228              201           7   7.4230452338652184E-005   5.2415970130560109E-003
   13.000000000000000        1411.4374193657002               75           7   2.1011644082791501E-003   5.2415970130560109E-003
   14.000000000000000        1414.7724175393748               64           7   7.7805007141309860E-005   5.2415970130560109E-003
   15.000000000000000        1416.5917430458769               77           7   3.0864804573579566E-008   5.2415970130560109E-003
   16.000000000000000        1421.0198337803133              356           7   0.0000000000000000        5.2415970130560109E-003
   17.000000000000000        1427.3108362791654               16           7   0.0000000000000000        5.2415970130560109E-003
   18.000000000000000        1433.4873996644526               16           7   0.0000000000000000        5.2415970130560109E-003
   19.000000000000000        1439.5539939740434               14           7   0.0000000000000000        5.2415970130560109E-003
   20.000000000000000        1445.5148215751738               14           7   0.0000000000000000        5.2415970130560109E-003
   21.000000000000000        1452.8857792849815               35           8   7.4032064424359145E-006   5.2415970130560109E-003
   22.000000000000000        1459.5830618028640               53           8   2.1507687726881431E-004   5.2415970130560109E-003
   23.000000000000000        1468.9437970280276              136           9   3.5427015747110494E-008   5.2415970130560109E-003
   24.000000000000000        1483.3357854011640               80           9   1.7796019910428567E-006   5.2415970130560109E-003
   25.000000000000000        1497.6414953120852             1145           9   1.7382643386837687E-003   5.2415970130560109E-003
   26.000000000000000        1520.4337803575611              167          10   9.9554419630221951E-007   5.2415970130560109E-003
   27.000000000000000        1557.1185541467157             1763          12   6.3367963668931968E-003   6.3367963668931968E-003
   28.000000000000000        1597.9510227151147             1932          13   1.0627647311293486E-003   6.3367963668931968E-003
   29.000000000000000        1602.8292323656528              999          13   2.4546318079175216E-003   6.3367963668931968E-003
   30.000000000000000        1607.4669452130606             1257          13   5.8023792426742339E-004   6.3367963668931968E-003
   31.000000000000000        1611.8294605027436              142          13   1.5828378688796751E-006   6.3367963668931968E-003
   32.000000000000000        1615.9217612333678             3081          13   2.8925532276715968E-003   6.3367963668931968E-003
