   Pi    depth   Ti       volplg        volsp         volopx        volc2c        volcpx        volwo         volpwo        volgt         volcpv        volol         volwa         volri         volil         volpv         volppv        volcf         volnal        volmw         volqtz        volcoes       volst         volapbo       volky         volneph       volfea        volfeg        volfee        
   0.00    -0.00  1244.60       102.46841        45.24464        65.89946        64.67971        68.06298        41.26049        41.60266       121.67804        28.40168        45.85829        42.89150        41.68670        28.30276        27.50892        26.61972        39.48403       113.92728        47.13110        23.73985        20.84046        14.36229        13.98824        45.26777        56.91618         7.39596         7.32745         7.15756
   1.00    36.28  1257.07       101.10577        42.94867        64.62394        64.05035        66.85397        40.78829        41.08715       118.71641        28.27901        45.94094        42.61427        41.46197        28.16529        27.38782        26.49429        39.27646       113.34303        46.83372        23.43231        20.64031        14.31398        13.94469        44.97592        55.75837         7.34348         7.27453         7.10704
   2.00    66.34  1288.50        99.81506        42.73236        64.46153        63.51373        64.81217        40.37073        40.62883       118.62081        28.18015        45.59470        42.37364        41.26596        28.04744        27.28662        26.39292        39.10359       112.85221        46.58218        22.92700        20.45117        14.27470        13.90940        44.71607        54.75709         7.30062         7.23219         7.06800
   3.00    96.41  1310.95        98.52512        42.51236        63.83754        62.98693        64.20809        39.96169        40.18246       118.50505        28.07316        45.24931        42.12746        41.06446        27.92503        27.17945        26.28389        38.92122       112.33716        46.32133        22.24587        20.26682        14.23211        13.87101        44.45333        53.82313         7.25640         7.18806         7.02599
   4.00   126.48  1323.51        97.29617        42.28849        63.24464        62.46729        63.47646        39.55973        39.74627       118.16199        27.95747        44.90440        41.87549        40.85721        27.79784        27.06587        26.16688        38.72871       111.79629        46.05068        21.78252        20.08684        14.18602        13.82930        44.18711        52.94560         7.21073         7.14207         6.98090
   5.00   156.54  1334.48        96.13687        42.07021        62.69275        61.97345        62.91468        39.17539        39.33009       117.62731        27.84246        44.57211        41.62939        40.65386        27.67274        26.95340        26.05107        38.53879       111.26337        45.78573        21.39954        19.91246        14.14007        13.78763        43.92703        52.13247         7.16656         7.09756         6.93683
   6.00   186.61  1343.72        95.03903        41.85711        62.17587        61.50238        62.40289        38.80696        38.93194       117.03471        27.72797        44.25131        41.38872        40.45411        27.54958        26.84191        25.93631        38.35120       110.73766        45.52598        21.06392        19.74333        14.09420        13.74598        43.67265        51.37471         7.12373         7.05438         6.89366
   7.00   216.67  1351.86        93.99708        41.64954        61.69024        61.05308        61.92545        38.45384        38.55098       116.42433        27.61464        43.94197        41.15398        40.25848        27.42872        26.73188        25.82319        38.16671       110.22116        45.27220        20.76167        19.57923        14.04867        13.70457        43.42434        50.66627         7.08233         7.01263         6.85161
   8.00   246.00  1359.21        93.00583        41.44748        61.23240        60.62409        61.47242        38.11515        38.18610       115.81228        27.50277        43.64363        40.92524        40.06710        27.31031        26.62351        25.71196        37.98564       109.71463        45.02460        20.48479        19.41992        14.00361        13.66353        43.18212        50.00165         7.04234         6.97232         6.81076
   9.00   275.15  1389.39        92.09583        41.27146        60.82544        60.25804        61.07435        37.81490        37.86011       115.26466        27.41546        43.38143        40.72822        39.90176        27.21013        26.53531        25.62411        37.83860       109.29862        44.81841        20.24147        19.26884        13.96786        13.63113        42.96880        49.40843         7.01021         6.94066         6.78013
  10.00   304.13  1395.93        91.19148        41.07946        60.41304        59.86394        60.65314        37.50159        37.52346       114.66161        27.30669        43.10250        40.51052        39.71836        27.09635        26.43036        25.51660        37.66424       108.81150        44.58231        20.00067        19.11831        13.92380        13.59091        42.73802        48.81651         6.97272         6.90287         6.74142
  11.00   332.89  1401.83        90.32529        40.89229        60.02054        59.48555        60.24390        37.19982        37.19958       114.06178        27.19940        42.83264        40.29812        39.53883        26.98481        26.32702        25.41090        37.49309       108.33368        44.35173        19.77388        18.97182        13.88024        13.55109        42.51262        48.25597         6.93641         6.86627         6.70376
  12.00   361.54  1407.05        89.49395        40.70964        59.64594        59.12148        59.84395        36.90873        36.88751       113.46086        27.09349        42.57123        40.09072        39.36294        26.87538        26.22521        25.30691        37.32495       107.86459        44.12631        19.55902        18.82917        13.83714        13.51164        42.29231        47.55830         6.90118         6.83077         6.66707
  13.00   389.99  1411.44        88.69450        40.53120        59.28749        58.77042        59.45015        36.62748        36.58631       112.85076        26.98881        42.31762        39.88794        39.19045        26.76790        26.12477        25.20446        37.15956       107.40349        43.90564        19.35446        18.69012        13.79445        13.47252        42.07674        46.85495         6.86693         6.79627         6.63125
  14.00   417.30  1414.77        87.92418        40.35660        58.94360        58.43104        59.05578        36.35520        36.29504       112.21674        26.88511        42.07114        39.68936        39.02103        26.66216        26.02551        25.10331        36.99654       106.94937        43.68921        19.15884        18.55447        13.75208        13.43365        41.86550        46.24714         6.83355         6.76264         6.59619
  15.00   443.99  1416.59        87.18027        40.18534        58.61273        58.10181        58.61592        36.09094        36.01270       111.52783        26.78198        41.83100        39.49439        38.85423        26.55784        25.92706        25.00306        36.83529       106.50063        43.47625        18.97096        18.42199        13.70988        13.39487        41.65803        45.68385         6.80089         6.72971         6.56170
  16.00   470.33  1421.02        86.46562        40.02018        58.29686        57.78816        58.94254        35.83766        35.74202       110.92459        26.68298        41.60029        39.30656        38.69310        26.45721        25.83225        24.90689        36.68041       106.06924        43.27177        18.79167        18.29308        13.66920        13.35749        41.45758        45.16092         6.76982         6.69846         6.52905
  17.00   496.56  1427.31        85.77728        39.86022        57.99415        57.48786        58.61371        35.59401        35.48163       110.43021        26.58730        41.37776        39.12479        38.53679        26.35966        25.74044        24.81402        36.53075       105.65218        43.07439        18.61983        18.16744        13.62974        13.32120        41.26320        44.66917         6.74007         6.66860         6.49788
  18.00   522.40  1433.49        85.11126        39.70387        57.70224        57.19724        58.29407        35.35783        35.22938       109.94674        26.49314        41.16136        38.94710        38.38360        26.26399        25.65016        24.72282        36.38395       105.24320        42.88138        18.45399        18.04470        13.59082        13.28537        41.07303        44.20058         6.71113         6.63958         6.46752
  19.00   548.19  1439.55        84.46612        39.55098        57.42034        56.91568        57.98316        35.12870        34.98481       109.47372        26.40047        40.95077        38.77330        38.23343        26.17011        25.56137        24.63323        36.23991       104.84201        42.69255        18.29365        17.92470        13.55243        13.25000        40.88690        43.75250         6.68297         6.61134         6.43792
  20.00   573.57  1445.51        83.84054        39.40139        57.14778        56.64264        57.68051        34.90621        34.74748       109.01072        26.30925        40.74569        38.60324        38.08616        26.07797        25.47404        24.54520        36.09851       104.44833        42.50773        18.13834        17.80733        13.51456        13.21507        40.70465        43.32288         6.65555         6.58384         6.40906
  21.00   598.92  1452.89        83.23479        39.25587        56.88479        56.37957        57.38731        34.69111        34.51803       108.46469        26.22063        40.54689        38.43793        37.94270        25.98825        25.38907        24.45973        35.96123       104.06592        42.32843        17.98820        17.69266        13.47764        13.18101        40.52725        42.91233         6.62912         6.55738         6.38131
  22.00   624.04  1459.58        82.64567        39.11301        56.62958        56.12324        57.10091        34.48151        34.29463       107.97307        26.13288        40.35261        38.27557        37.80151        25.89984        25.30507        24.37529        35.82580       103.68885        42.15213        17.84215        17.58032        13.44103        13.14720        40.35297        42.51614         6.60323         6.53145         6.35405
  23.00   649.12  1468.94        82.07532        38.97459        56.38341        55.87737        56.82436        34.27942        34.07914       107.35403        26.04857        40.16485        38.11851        37.66465        25.81428        25.22407        24.29408        35.56103       103.32555        41.98227        17.70098        17.47060        13.40568        13.11455        40.18409        42.13792         6.57846         6.50671         6.32813
  24.00   673.78  1483.34        81.52476        38.84169        56.14679        55.64418        56.55949        34.08601        33.87261       106.48133        25.96935        39.98473        37.96820        37.53343        25.73257        25.14739        24.21753        34.92120       102.98140        41.82100        17.56514        17.36363        13.37224        13.08368        40.02202        41.77942         6.55520         6.48357         6.30408
  25.00   696.50  1497.64        80.98830        38.71124        55.91661        55.41694        56.30071        33.89744        33.67137       105.59768        25.89120        39.80861        37.82066        37.40440        25.65216        25.07182        24.14210        34.51908       102.64284        41.66267        17.43265        17.25875        13.33918        13.05313        39.86294        41.43242         6.53244         6.46093         6.28051
  26.00   719.22  1520.43        80.47257        38.58766        55.69638        55.20515        56.05588        33.71896        33.48035       104.53219        25.82044        39.64150        37.68171        37.28267        25.57689        25.00237        24.07323        34.43859       101.78783        41.51577        17.30598        17.15676        13.30888        13.02519        39.71255        41.10707         6.51165         6.44041         6.25952
  27.00   741.81  1557.12        79.98093        38.47334        55.48766        55.01401        55.82930        33.55338        33.30218       103.99808        25.76076        39.48600        37.55457        37.17110        25.50894        23.33802        24.01408        34.38418       101.57845        41.38512        17.18641        17.05809        13.28274        13.00118        39.57409        40.80856         6.49367         6.42293         6.24228
  28.00   764.39  1597.95        79.50396        38.36284        55.28546        54.83169        55.61114        33.39403        33.13050       106.47184        25.70477        39.33581        37.43217        37.06351        23.86915        23.26131        23.95821        34.19546       101.31289        41.26051        17.07066        16.96161        13.25796        12.97845        39.44063        40.52330         6.47673         6.40654         6.22632
  29.00   786.82  1602.83        79.00848        38.23618        55.07325        54.61437        55.36507        33.21652        32.94216       106.07541        25.62357        39.16820        37.28809        36.93669        23.79438        23.18720        23.88082        34.05863       100.97220        41.10327        16.94677        16.86330        13.22368        12.94663        39.28599        40.20305         6.45411         6.38385         6.20214
  30.00   809.20  1607.47        78.52408        38.11174        54.86626        54.40200        55.12416        33.04305        32.75818       105.68601        25.54338        39.00407        37.14653        36.81190        23.72101        23.11386        23.80451        33.92497       100.63644        40.94870        16.82545        16.76675        13.18978        12.91513        39.13398        39.89183         6.43193         6.36161         6.17843
  31.00   831.57  1611.83        78.05018        37.98943        54.66422        54.19432        54.88816        32.87341        32.57834       105.30334        25.46417        38.84324        37.00737        36.68903        23.64890        23.04118        23.72923        33.79406       100.30551        40.79669        16.70656        16.67188        13.15623        12.88394        38.98449        39.58908         6.41018         6.33981         6.15515
  32.00   853.94  1615.92        77.58630        37.86916        54.46692        53.99113        54.65688        32.70745        32.40248       104.92717        25.38590        38.68561        36.87055        36.56803        23.57797        22.96918        23.65495        33.66589        99.97927        40.64714        16.58997        16.57863        13.12304        12.85306        38.83745        39.29436         6.38884         6.31842         6.13229
  33.00   876.26  1621.22        77.13306        37.75155        54.27463        53.79371        54.43138        32.54583        32.23121       104.55974        25.30956        38.53180        36.73686        36.44964        23.50908        22.90285        23.58250        33.54990       100.14318        40.50131        16.52226        16.48708        13.09057        12.82284        38.69367        39.00881         6.36812         6.29768         6.11015
  34.00   898.37  1626.97        76.68937        37.63614        54.08684        53.60104        54.21077        32.38795        32.06392       104.19945        25.23458        38.38126        36.60574        36.33335        23.44162        22.83916        23.51137        33.43971        99.83060        40.35837        16.47583        16.39710        13.05861        12.79308        38.55259        38.73112         6.34788         6.27742         6.08855
  35.00   920.47  1632.57        76.25440        37.52260        53.90316        53.41236        53.99441        32.23336        31.90017       103.84515        25.16052        38.23357        36.47675        36.21881        23.37515        22.77614        23.44121        33.33126        99.52256        40.21772        16.43039        16.30859        13.02699        12.76362        38.41376        38.46031         6.32802         6.25755         6.06733
