              Pi           depth              Ti             Vol              KS              KT           alpha          Heat C            thet               g               q        Velocity          Ppart1          Ppart2
         0.00000        -0.00000      1244.59713       187.41680        79.17523        77.58072         2.66628         1.16247       335.57742         0.61935         0.95197         3.37794         7.30955         0.00000        79.26152
         1.00000        36.28228      1257.07455       175.13779        92.05975        89.77824         2.83350         1.16527       340.95977         0.71345         0.96612         3.41722         7.40585         0.00000        81.43881
         2.00000        66.34476      1288.49584       160.85667        86.09476        81.63920         4.48700         1.19791       345.17854         0.94398         0.97589         3.44789         7.65026         0.00000        83.16065
         3.00000        96.41489      1310.95427       157.29596       138.27931       134.00668         2.67973         1.16868       349.77784         0.90759         0.98534         3.48122         7.82392         0.00000        85.05286
         4.00000       126.47625      1323.50517       155.66317       145.29979       140.98617         2.56060         1.16738       354.78226         0.90281         0.99430         3.51735         7.91930         0.00000        87.12933
         5.00000       156.54183      1334.47552       154.38117       150.67798       146.33492         2.47542         1.16634       359.74347         0.89844         1.00197         3.55305         8.00185         0.00000        89.20574
         6.00000       186.60540      1343.72288       153.24641       155.45519       151.10479         2.39983         1.16529       364.66993         0.89281         1.00847         3.58839         8.07052         0.00000        91.28503
         7.00000       216.66896      1351.86382       152.18910       159.95300       155.60485         2.33080         1.16427       369.53294         0.88684         1.01391         3.62317         8.13023         0.00000        93.35439
         8.00000       246.00169      1359.21418       151.17374       164.34212       159.99915         2.26681         1.16330       374.32051         0.88098         1.01840         3.65732         8.18351         0.00000        95.40781
         9.00000       275.15035      1389.38945       146.45083       180.11344       174.47666         2.37860         1.16796       377.94961         0.97757         1.02127         3.68314         8.41632         0.00000        96.97494
        10.00000       304.12654      1395.92759       145.53125       184.95552       179.30446         2.31927         1.16699       382.58615         0.97347         1.02432         3.71607         8.46294         0.00000        98.99026
        11.00000       332.88900      1401.83339       144.59514       190.00526       184.32777         2.26377         1.16609       387.15088         0.97059         1.02671         3.74842         8.50450         0.00000       100.98865
        12.00000       361.53749      1407.04519       143.61703       195.43042       189.70488         2.21219         1.16528       391.64979         0.96963         1.02850         3.78023         8.54055         0.00000       102.97194
        13.00000       389.98609      1411.43742       142.55366       201.53275       195.71965         2.16507         1.16460       396.09109         0.97194         1.02977         3.81157         8.57014         0.00000       104.94307
        14.00000       417.29753      1414.77242       141.31634       208.97030       202.98937         2.12402         1.16413       400.48704         0.98051         1.03057         3.84254         8.59142         0.00000       106.90690
        15.00000       443.99125      1416.59174       139.67972       219.56458       213.21552         2.09397         1.16414       404.85792         1.00387         1.03096         3.87328         8.60082         0.00000       108.87207
        16.00000       470.32792      1421.01983       138.51497       227.57249       220.98339         2.06342         1.16397       409.03960         1.01690         1.03098         3.90265         8.63077         0.00000       110.76372
        17.00000       496.56087      1427.31084       137.91301       231.65384       225.07555         2.02417         1.16330       413.07100         1.01162         1.03069         3.93092         8.67542         0.00000       112.59801
        18.00000       522.40358      1433.48740       137.32410       235.71891       229.15096         1.98656         1.16265       417.03552         1.00650         1.03014         3.95868         8.71923         0.00000       114.41194
        19.00000       548.18742      1439.55399       136.74769       239.76830       233.21024         1.95048         1.16202       420.93577         1.00151         1.02936         3.98596         8.76224         0.00000       116.20614
        20.00000       573.57014      1445.51482       136.18327       243.80257       237.25397         1.91585         1.16142       424.77417         0.99667         1.02836         4.01278         8.80449         0.00000       117.98118
        21.00000       598.92253      1452.88578       135.48718       248.32557       241.68259         1.89444         1.16149       428.49766         0.99863         1.02720         4.03877         8.85789         0.00000       119.71181
        22.00000       624.04227      1459.58306       134.87396       252.59405       245.90380         1.86856         1.16127       432.18628         0.99757         1.02587         4.06449         8.90607         0.00000       121.43464
        23.00000       649.12026      1468.94380       133.87064       258.05660       251.07554         1.87090         1.16254       435.72261         1.01172         1.02445         4.08913         8.97524         0.00000       123.09418
        24.00000       673.78483      1483.33579       132.10763       266.38540       258.57107         1.92653         1.16664       439.02980         1.05754         1.02299         4.11215         9.08395         0.00000       124.65311
        25.00000       696.50299      1497.64150       130.42525       275.04453       266.31942         1.98053         1.17053       442.29377         1.10453         1.02143         4.13485         9.19205         0.00000       126.19812
        26.00000       719.22116      1520.43378       128.68834       284.39525       274.49634         2.04553         1.17492       445.22235         1.15952         1.01994         4.15521         9.36678         0.00000       127.58980
        27.00000       741.81150      1557.11855       126.24823       298.55621       286.61343         2.14687         1.18139       447.64159         1.24647         1.01865         4.17201         9.65053         0.00000       128.74319
        28.00000       764.39099      1597.95102       121.24221       334.71994       316.36245         2.42627         1.19720       449.89204         1.49667         1.01740         4.18764         9.96689         0.00000       129.81887
        29.00000       786.82469      1602.82923       120.86434       338.66039       320.26235         2.39942         1.19651       453.32341         1.49373         1.01541         4.21145        10.00125         0.00000       131.46527
        30.00000       809.19806      1607.46695       120.49162       342.59337       324.15489         2.37341         1.19583       456.71457         1.49093         1.01336         4.23498        10.03383         0.00000       133.09914
        31.00000       831.57144      1611.82946       120.12360       346.52227       328.04305         2.34824         1.19517       460.06794         1.48830         1.01123         4.25822        10.06436         0.00000       134.72135
        32.00000       853.94481      1615.92176       119.76012       350.44694       331.92643         2.32390         1.19453       463.38454         1.48584         1.00905         4.28120        10.09288         0.00000       136.33214
        33.00000       876.25551      1621.22474       119.40594       354.23908       335.68171         2.29978         1.19390       466.61864         1.48272         1.00686         4.30360        10.13099         0.00000       137.90893
