    Pi    depth       Ti     rhplg       rhsp        rhopx       rhc2c       rhcpx       rhwo        rhpwo       rhgt        rhcpv       rhol        rhwa        rhri        rhil        rhpv        rhppv       rhcf        rhnal       rhmw        rhqtz       rhcoes      rhst        rhapbo      rhky        rhneph      rhfea       rhfeg       rhfee       
   0.00    -0.00  1244.60         2.66166         4.90130         3.35185         3.59184         3.25342         2.81538         2.79222         3.65946         4.09004         3.52229         4.01562         4.13165         4.56464         4.86322         4.85324         4.46737         3.92769         4.80128         2.53098         2.88309         4.18352         4.29539         3.57971         2.49585         7.55077         7.62136         7.80226
   1.00    36.28  1257.07         2.68532         4.30695         3.37518         3.62714         3.28797         2.84797         2.82726         3.79088         4.10778         3.74907         4.04174         4.15405         4.58692         4.88472         4.87622         4.49098         3.94794         4.83176         2.56419         2.91105         4.19764         4.30881         3.60294         2.54768         7.60472         7.67681         7.85773
   2.00    66.34  1288.50         2.70718         4.32875         3.42661         3.65778         3.31883         2.87743         2.85915         3.74563         4.12219         3.77754         4.06470         4.17378         4.60619         4.90284         4.89495         4.51083         3.96511         4.85786         2.62071         2.93797         4.20920         4.31974         3.62388         2.59426         7.64938         7.72175         7.90113
   3.00    96.41  1310.95         2.74262         4.35115         3.46011         3.68837         3.33662         2.90688         2.89091         3.74759         4.13790         3.80638         4.08845         4.19426         4.62638         4.92217         4.91525         4.53197         3.98329         4.88521         2.70095         2.96470         4.22179         4.33170         3.64530         2.63928         7.69599         7.76916         7.94837
   4.00   126.48  1323.51         2.77726         4.37419         3.49255         3.71906         3.35692         2.93642         2.92264         3.75322         4.15502         3.83561         4.11305         4.21553         4.64755         4.94282         4.93723         4.55450         4.00256         4.91392         2.75840         2.99126         4.23551         4.34476         3.66726         2.68302         7.74473         7.81919         7.99971
   5.00   156.54  1334.48         2.81075         4.39688         3.52329         3.74869         3.37766         2.96523         2.95357         3.76987         4.17219         3.86421         4.13737         4.23662         4.66856         4.96345         4.95918         4.57694         4.02173         4.94236         2.80777         3.01746         4.24927         4.35789         3.68897         2.72487         7.79246         7.86822         8.05053
   6.00   186.61  1343.72         2.84322         4.41927         3.55258         3.77740         3.39938         2.99338         2.98377         3.78888         4.18942         3.89222         4.16142         4.25754         4.68943         4.98407         4.98112         4.59933         4.04083         4.97056         2.85251         3.04331         4.26310         4.37110         3.71046         2.76506         7.83931         7.91638         8.10094
   7.00   216.67  1351.86         2.87474         4.44129         3.58055         3.80520         3.42146         3.02087         3.01326         3.80863         4.20661         3.91962         4.18516         4.27823         4.71010         5.00458         5.00294         4.62156         4.05976         4.99842         2.89404         3.06881         4.27692         4.38430         3.73168         2.80373         7.88514         7.96351         8.15066
   8.00   246.00  1359.21         2.90538         4.46294         3.60732         3.83213         3.44352         3.04771         3.04205         3.82833         4.22372         3.94642         4.20855         4.29866         4.73052         5.02495         5.02458         4.64359         4.07850         5.02591         2.93315         3.09399         4.29068         4.39747         3.75261         2.84099         7.92991         8.00955         8.19955
   9.00   275.15  1389.39         2.93409         4.48198         3.63145         3.85541         3.46412         3.07191         3.06824         3.84491         4.23717         3.97027         4.22891         4.31648         4.74793         5.04165         5.04181         4.66164         4.09403         5.04903         2.96841         3.11825         4.30166         4.40792         3.77124         2.87510         7.96626         8.04609         8.23659
  10.00   304.13  1395.93         2.96318         4.50293         3.65624         3.88079         3.48566         3.09758         3.09577         3.86323         4.25405         3.99596         4.25164         4.33641         4.76787         5.06167         5.06305         4.68322         4.11236         5.07577         3.00415         3.14280         4.31527         4.42097         3.79160         2.90996         8.00909         8.09014         8.28389
  11.00   332.89  1401.83         2.99160         4.52354         3.68015         3.90548         3.50687         3.12270         3.12272         3.88037         4.27083         4.02114         4.27405         4.35610         4.78758         5.08154         5.08411         4.70459         4.13049         5.10216         3.03861         3.16707         4.32882         4.43396         3.81171         2.94377         8.05102         8.13326         8.33043
  12.00   361.54  1407.05         3.01939         4.54383         3.70327         3.92953         3.52772         3.14733         3.14914         3.89589         4.28752         4.04583         4.29616         4.37556         4.80707         5.10127         5.10500         4.72579         4.14846         5.12822         3.07198         3.19106         4.34230         4.44690         3.83156         2.98695         8.09212         8.17552         8.37627
  13.00   389.99  1411.44         3.04660         4.56384         3.72566         3.95300         3.54822         3.17150         3.17507         3.90911         4.30415         4.07008         4.31800         4.39482         4.82637         5.12088         5.12576         4.74682         4.16627         5.15400         3.10445         3.21480         4.35574         4.45982         3.85119         3.03179         8.13247         8.21703         8.42151
  14.00   417.30  1414.77         3.07330         4.58358         3.74739         3.97596         3.56836         3.19525         3.20055         3.91892         4.32076         4.09392         4.33960         4.41390         4.84551         5.14041         5.14641         4.76774         4.18396         5.17953         3.13615         3.23830         4.36916         4.47272         3.87062         3.07163         8.17220         8.25790         8.46627
  15.00   443.99  1416.59         3.09952         4.60312         3.76855         3.99849         3.58854         3.21865         3.22564         3.92327         4.33739         4.11742         4.36102         4.43285         4.86455         5.15993         5.16704         4.78861         4.20159         5.20490         3.16721         3.26159         4.38261         4.48567         3.88990         3.10951         8.21145         8.29830         8.51077
  16.00   470.33  1421.02         3.12514         4.62211         3.78897         4.02019         3.72307         3.24139         3.25007         3.93460         4.35349         4.14026         4.38186         4.45131         4.88305         5.17887         5.18699         4.80883         4.21867         5.22949         3.19743         3.28458         4.39565         4.49823         3.90871         3.14551         8.24913         8.33701         8.55334
  17.00   496.56  1427.31         3.15022         4.64066         3.80874         4.04119         3.74395         3.26358         3.27392         3.95221         4.36915         4.16253         4.40222         4.46937         4.90112         5.19734         5.20641         4.82853         4.23533         5.25346         3.22694         3.30729         4.40837         4.51048         3.92712         3.18014         8.28555         8.37434         8.59437
  18.00   522.40  1433.49         3.17487         4.65894         3.82801         4.06172         3.76448         3.28538         3.29736         3.96959         4.38468         4.18441         4.42231         4.48720         4.91898         5.21563         5.22561         4.84801         4.25179         5.27710         3.25593         3.32979         4.42100         4.52264         3.94530         3.21386         8.32127         8.41095         8.63471
  19.00   548.19  1439.55         3.19912         4.67695         3.84680         4.08182         3.78467         3.30681         3.32041         3.98675         4.40007         4.20593         4.44213         4.50483         4.93662         5.23375         5.24462         4.86728         4.26806         5.30045         3.28447         3.35208         4.43352         4.53472         3.96326         3.24677         8.35633         8.44688         8.67441
  20.00   573.57  1445.51         3.22299         4.69470         3.86515         4.10149         3.80453         3.32789         3.34309         4.00368         4.41533         4.22710         4.46170         4.52225         4.95406         5.25169         5.26343         4.88635         4.28414         5.32349         3.31260         3.37417         4.44595         4.54670         3.98101         3.27897         8.39076         8.48215         8.71347
  21.00   598.92  1452.89         3.24644         4.71210         3.88302         4.12063         3.82396         3.34852         3.36531         4.02156         4.43025         4.24782         4.48089         4.53934         4.97117         5.26927         5.28182         4.90500         4.29989         5.34604         3.34024         3.39604         4.45812         4.55845         3.99844         3.31034         8.42422         8.51638         8.75136
  22.00   624.04  1459.58         3.26958         4.72932         3.90052         4.13945         3.84314         3.36888         3.38724         4.03867         4.44513         4.26827         4.49989         4.55630         4.98814         5.28676         5.30012         4.92354         4.31552         5.36840         3.36759         3.41774         4.47027         4.57018         4.01570         3.34119         8.45725         8.55019         8.78891
  23.00   649.12  1468.94         3.29231         4.74611         3.91755         4.15766         3.86185         3.38874         3.40865         4.05235         4.45952         4.28823         4.51843         4.57285         5.00467         5.30374         5.31783         4.78531         4.33070         5.39012         3.39444         3.43921         4.48205         4.58155         4.03258         3.37118         8.48909         8.58270         8.82491
  24.00   673.78  1483.34         3.31454         4.76235         3.93406         4.17509         3.87993         3.40797         3.42944         4.07018         4.47312         4.30754         4.53632         4.58884         5.02056         5.31991         5.33464         4.57667         4.34517         5.41091         3.42070         3.46039         4.49326         4.59236         4.04891         3.40010         8.51922         8.61333         8.85858
  25.00   696.50  1497.64         3.33649         4.77840         3.95025         4.19221         3.89777         3.42693         3.44993         4.09725         4.48662         4.32660         4.55402         4.60467         5.03630         5.33595         5.35131         4.46747         4.35950         5.43147         3.44669         3.48142         4.50440         4.60311         4.06507         3.42858         8.54890         8.64352         8.89181
  26.00   719.22  1520.43         3.35788         4.79370         3.96587         4.20829         3.91479         3.44506         3.46962         4.13243         4.49892         4.34484         4.57081         4.61971         5.05112         5.35077         5.36662         4.49903         4.22576         5.45069         3.47192         3.50212         4.51466         4.61299         4.08046         3.45571         8.57618         8.67105         8.92164
  27.00   741.81  1557.12         3.37852         4.80795         3.98079         4.22291         3.93068         3.46207         3.48818         4.18406         4.50934         4.36195         4.58629         4.63357         5.06457         4.59976         5.37984         4.53937         4.24855         5.46790         3.49608         3.52238         4.52354         4.62150         4.09474         3.48099         8.59993         8.69466         8.94628
  28.00   764.39  1597.95         3.39879         4.82180         3.99535         4.23695         3.94610         3.47859         3.50626         4.18210         4.51916         4.37861         4.60128         4.64702         4.28912         4.59816         5.39239         4.50158         4.25826         5.48441         3.51978         3.54241         4.53199         4.62960         4.10860         3.50550         8.62242         8.71690         8.96921
  29.00   786.82  1602.83         3.42010         4.83777         4.01075         4.25381         3.96364         3.49718         3.52630         4.19773         4.53348         4.39734         4.61906         4.66298         4.30212         4.61062         5.40986         4.50607         4.27280         5.50539         3.54551         3.56306         4.54374         4.64098         4.12477         3.53342         8.65265         8.74788         9.00417
  30.00   809.20  1607.47         3.44120         4.85356         4.02588         4.27042         3.98096         3.51554         3.54611         4.21320         4.54771         4.41585         4.63666         4.67879         4.31499         4.62280         5.42720         4.51090         4.28716         5.52617         3.57108         3.58358         4.55542         4.65230         4.14079         3.56099         8.68249         8.77846         9.03873
  31.00   831.57  1611.83         3.46209         4.86919         4.04076         4.28679         3.99808         3.53368         3.56568         4.22851         4.56186         4.43413         4.65410         4.69446         4.32772         4.63471         5.44442         4.51593         4.30137         5.54676         3.59649         3.60397         4.56704         4.66356         4.15667         3.58822         8.71195         8.80865         9.07292
  32.00   853.94  1615.92         3.48279         4.88465         4.05539         4.30292         4.01499         3.55161         3.58503         4.24367         4.57593         4.45220         4.67137         4.70999         4.34034         4.64632         5.46152         4.52120         4.31545         5.56717         3.62177         3.62424         4.57859         4.67476         4.17241         3.61513         8.74105         8.83847         9.10674
  33.00   876.26  1621.22         3.50326         4.89987         4.06976         4.31871         4.03163         3.56924         3.60408         4.25858         4.58973         4.46997         4.68837         4.72529         4.35312         4.66058         5.47830         4.53113         4.46832         5.58721         3.63661         3.64437         4.58994         4.68578         4.18791         3.64160         8.76948         8.86758         9.13973
  34.00   898.37  1626.97         3.52353         4.91490         4.08389         4.33423         4.04803         3.58664         3.62289         4.27331         4.60337         4.48750         4.70516         4.74041         4.36588         4.67579         5.49487         4.54288         4.48231         5.60700         3.64686         3.66437         4.60118         4.69668         4.20324         3.66770         8.79744         8.89619         9.17217
  35.00   920.47  1632.57         3.54362         4.92977         4.09781         4.34954         4.06425         3.60384         3.64149         4.28789         4.61692         4.50484         4.72180         4.75540         4.37853         4.69085         5.51132         4.55460         4.49618         5.62661         3.65694         3.68425         4.61235         4.70752         4.21843         3.69353         8.82506         8.92445         9.20424
