       0.0000000000000000      -0.0000000000000000    1244.5971281242534587      -0.0612868477521040      -2.1543512065239785       0.0284797763712703       1.1152157377165004      -0.5176573505467981       0.0000266627580809      -0.0000059504577111      -0.2231748753479406       0.0000207123003698       0.7768251246520593       1.1688512712614623      64.5260959396298546
       1.0000000000000000      36.2822838844199325    1257.0745536530871505       0.0236450685285141       3.4965012742764738       0.3571391590259367      -5.3582529954235545      -1.5324613306575530       0.0000283350422773       0.0000305944996768       1.0797407456633406       0.0000589295419541       2.0797407456633406       1.1577872080032301      53.3180970414899065
       2.0000000000000000      66.3447633539767878    1288.4958431902464326       0.0672945461130108       5.8670742332192649       0.1048625554778924      -6.5123351002494800      -1.1099800073053039       0.0000448699854489       0.0000404853292812       0.9022808649523322       0.0000853553147302       1.9022808649523320       1.1783151002581651      58.5804051803605006
       3.0000000000000000      96.4148907613199242    1310.9542740755921386       0.0255724312161720       2.5872279268182306       0.1545853803307863      -2.1305474065735832      -0.8234865527266194       0.0000267973446055       0.0000135448325665       0.5054542816039475       0.0000403421771719       1.5054542816039476       1.1996704892066374      81.9126078965581996
       4.0000000000000000     126.4762472376341265    1323.5051663771773747       0.1037670356423264       5.7602581735640044       0.0395208811908618      -2.0900431060719340      -0.3628384428434006       0.0000256060099085       0.0000134267029461       0.5243574845928131       0.0000390327128545       1.5243574845928130       1.1453318516690332     111.7298256253106530
       5.0000000000000000     156.5418283156611778    1334.4755181465138776       0.1065972300266543       5.8008461505820526       0.0207560079182401      -1.0811221276046021      -0.1863731772124526       0.0000247542203587       0.0000070029405845       0.2828988545393645       0.0000317571609432       1.2828988545393645       1.1467175345493683     129.4644071409096284
       6.0000000000000000     186.6053956905251709    1343.7228849095208716       0.0878915197999619       4.5803274362601600       0.0121926454781835      -0.5039152412003941      -0.1100172964079269       0.0000239983195982       0.0000032882679153       0.1370207568844931       0.0000272865875135       1.1370207568844930       1.1480145186147879     140.8333007686256622
       7.0000000000000000     216.6689630653891925    1351.8638208606894295       0.0386716876970286       1.8871178489841929       0.0088847558886530      -0.1558361075137472      -0.0825788954291495       0.0000233079720498       0.0000010239636887       0.0439319082108489       0.0000243319357385       1.0439319082108489       1.1496341573002984     147.4594912184034285
       8.0000000000000000     246.0016893336489829    1359.2141796735106709      -0.0230373504805094      -1.0567143139044759       0.0084360815190357       0.0851540537028987      -0.0805837988398787       0.0000226680538386      -0.0000005632860223      -0.0248493331746978       0.0000221047678163       0.9751506668253022       1.1517831794304090     150.8731883683251169
       9.0000000000000000     275.1503526692450237    1389.3894533018885795      -0.0598614014989373      -2.7893697837829676       0.0104817906829353       0.2794712464494273      -0.1001915371974834       0.0000237860040380      -0.0000019082940374      -0.0802276008358496       0.0000218777100006       0.9197723991641503       1.1555405483437375     159.5974716505928939
      10.0000000000000000     304.1265372092765915    1395.9275949195844078      -0.0796454065960679      -3.6491266274869001       0.0138888157856050       0.4773916102333194      -0.1308235254532924       0.0000231926900033      -0.0000032803374066      -0.1414384190093024       0.0000199123525967       0.8585615809906977       1.1593986862171735     157.4298615738740068
      11.0000000000000000     332.8890032689580494    1401.8333948018914725      -0.0836160280613293      -3.8079616769392759       0.0197844382401020       0.6923739233469928      -0.1818227130645658       0.0000226376997840      -0.0000047883622147      -0.2115215883389580       0.0000178493375694       0.7884784116610419       1.1637333533728496     151.9041871490491928
      12.0000000000000000     361.5374934132703970    1407.0451901849228307      -0.0789074981409468      -3.5863276337441850       0.0296352836882767       0.9499416004363771      -0.2648786439638875       0.0000221218862866      -0.0000066144076932      -0.2989983587964916       0.0000155074785934       0.7010016412035085       1.1683895889511733     142.0294300766107654
      13.0000000000000000     389.9860879830318368    1411.4374193657001797      -0.0694595186429831      -3.1541942214226055       0.0469372008956997       1.2865941037991540      -0.4078994549735983       0.0000216507420801      -0.0000090253319541      -0.4168601667658787       0.0000126254101260       0.5831398332341213       1.1730602484908765     126.2422497422007694
      14.0000000000000000     417.2975280626570793    1414.7724175393748283      -0.0570118051763757      -2.5876636076852377       0.0810710992740650       1.7738757370048281      -0.6855124954172952       0.0000212401962908      -0.0000125525171074      -0.5909793363241055       0.0000086876791835       0.4090206636758946       1.1770759002561826     102.5220395032383323
      15.0000000000000000     443.9912539515815979    1416.5917430458769104      -0.0415565339582542      -1.8860053420557541       0.1622537807629380       2.5216132209621924      -1.3370127670018277       0.0000209396548154      -0.0000180528221285      -0.8621356124353302       0.0000028868326869       0.1378643875646698       1.1781598628912100      70.1285266355970123
      16.0000000000000000     470.3279218407413964    1421.0198337803133199       0.0000000000000000       0.0000000000000000       0.0000000000000000       0.0000000000000000       0.0000000000000000       0.0000206342014998       0.0000000000000000       0.0000000000000000       0.0000206342014998       1.0000000000000000       1.1302723242413495     227.5724865232845957
      17.0000000000000000     496.5608685340535544    1427.3108362791654145       0.0000000000000000       0.0000000000000000       0.0000000000000000       0.0000000000000000       0.0000000000000000       0.0000202416859751       0.0000000000000000       0.0000000000000000       0.0000202416859751       1.0000000000000000       1.1302612645626735     231.6538361544560019
      18.0000000000000000     522.4035825745869488    1433.4873996644525960       0.0000000000000000       0.0000000000000000       0.0000000000000000       0.0000000000000000       0.0000000000000000       0.0000198655822176       0.0000000000000000       0.0000000000000000       0.0000198655822176       1.0000000000000000       1.1302503162363060     235.7189117141727479
      19.0000000000000000     548.1874183017786208    1439.5539939740433510       0.0000000000000000       0.0000000000000000       0.0000000000000000       0.0000000000000000       0.0000000000000000       0.0000195048452266       0.0000000000000000       0.0000000000000000       0.0000195048452266       1.0000000000000000       1.1302394825765447     239.7683045418060885
      20.0000000000000000     573.5701416149501028    1445.5148215751737553       0.0000000000000000       0.0000000000000000       0.0000000000000000       0.0000000000000000       0.0000000000000000       0.0000191585185571       0.0000000000000000       0.0000000000000000       0.0000191585185571       1.0000000000000000       1.1302287661722541     243.8025704443161317
      21.0000000000000000     598.9225348911654692    1452.8857792849814814       0.2495686175791625       4.8240512622811949       0.0075560319561235      -0.6188784012244947      -0.1282901792655992       0.0000189444468999       0.0000045678005377       0.2411155396544742       0.0000235122474376       1.2411155396544742       1.1304342819991609     203.4508789387705860
      22.0000000000000000     624.0422684573860579    1459.5830618028639947       0.2938634102441712       5.6388062610377050       0.0025649971578940      -0.2428891054606943      -0.0430745612132444       0.0000186855588722       0.0000018008599347       0.0963770977919760       0.0000204864188069       1.0963770977919760       1.1306258554405892     234.9109206381438071
      23.0000000000000000     649.1202584270736224    1468.9437970280275749       0.1217647320191401       3.0726154308304010       0.1082642693763863      -4.2216744269307895      -1.3739677229277747       0.0000187090309825       0.0000315354768710       1.6855751054425141       0.0000502445078534       2.6855751054425139       1.1357530555753328      74.1130608409329312
      24.0000000000000000     673.7848295714263713    1483.3357854011640029       0.0998843350735680       2.8616902164997491       0.1163968899520297      -3.7834223356012493      -1.3220936053060659       0.0000192653416220       0.0000286389384175       1.4865523269394934       0.0000479042800396       2.4865523269394929       1.1399459731026731      75.8003651444206810
      25.0000000000000000     696.5029932691801378    1497.6414953120852260       0.0990966303172753       3.1146187219355053       0.1134587667246805      -3.7134791048753262      -1.1922740586904561       0.0000198052771256       0.0000284720875857       1.4376010699144102       0.0000482773647113       2.4376010699144097       1.1412917990302553      81.9060706079698093
      26.0000000000000000     719.2211569669339042    1520.4337803575610906       0.1431583032366670       6.3438969776664855       0.1521843340183190      -7.3328683738879681      -1.1558933569859551       0.0000204553434096       0.0000569816088467       2.7856588719003272       0.0000774369522563       3.7856588719003272       1.1854396319602032      90.5066832007519082
      27.0000000000000000     741.8115019772037613    1557.1185541467157236       0.0837576496686018       6.0877432000467646       1.5489241387837420     -44.9601018298616424      -7.3853479610500434       0.0000214687077943       0.0003561246018970      16.5880781138937401       0.0003775933096914      17.5880781138937401       1.2137617269327587      27.0684955188647081
      28.0000000000000000     764.3909884985396275    1597.9510227151147319      -0.0623587440026721     -26.0158653521648198       0.0117079129841426       0.2746067388698447      -0.0105553567084016       0.0000242626965001      -0.0000022649433953      -0.0933508522157124       0.0000219977531047       0.9066491477842876       1.4915733313878130     318.7247762258023158
      29.0000000000000000     786.8246908174895680    1602.8292323656528424      -0.0654867300597737     -33.1765332485910065       0.0137410264756571       0.3336712387379385      -0.0100574474203723       0.0000239942223314      -0.0000027607088172      -0.1150572324880763       0.0000212335135143       0.8849427675119238       1.5239720775893562     322.0982644641285333
      30.0000000000000000     809.1980637179908626    1607.4669452130606260      -0.0670152740364331     -40.3307911057512598       0.0160192464513676       0.3925434145141039      -0.0097330948327995       0.0000237341426095      -0.0000032578483926      -0.1372642124117817       0.0000204762942169       0.8627357875882182       1.5591913118729199     325.3410366054175711
      31.0000000000000000     831.5714366184921573    1611.8294605027435864      -0.0675411506617657     -47.4456857652819863       0.0185890236379410       0.4528331445739480      -0.0095442427961555       0.0000234824488252      -0.0000037697266620      -0.1605337965397863       0.0000197127221633       0.8394662034602136       1.5978733385886768     328.4685513140890407
      32.0000000000000000     853.9448095189934520    1615.9217612333677607      -0.0674393703651337     -54.4398787079833255       0.0214596776817019       0.5150008738079053      -0.0094599930424236       0.0000232390082651      -0.0000043002700934      -0.1850453360302107       0.0000189387381717       0.8149546639697893       1.6399599164972740     331.5038268215875519
      33.0000000000000000     876.2555094205630439    1621.2247351485393665      -0.1214899768855466     -28.9785850703143204       0.0059367246926788       0.2532453895448497      -0.0087390529568773       0.0000229978271721      -0.0000021208776073      -0.0922207820513678       0.0000208769495648       0.9077792179486323       1.2151978033579514     341.1952601789816413
