   0.00    -0.00  1244.60       187.41680         1.00000         2.00000      4185.18026         0.63732         0.95197****************        -1.00000         0.98278       734.89822         0.07044         1.00000         0.00000        25.35841         1.22199       335.57742
   1.00    36.28  1257.07       175.13779         1.00000         2.00000      4501.08751         0.74717         0.96612****************        -1.00000         0.98220       754.93873         0.11454         1.00000         0.00000        25.35841         1.22149       340.95977
   2.00    66.34  1288.50       160.85667         1.00000         2.00000      5040.14016         1.19245         0.97589****************        -1.00000         0.98621       680.02751         0.17327         1.00000         0.00000        25.35841         1.22507       345.17854
   3.00    96.41  1310.95       157.29596         1.00000         2.00000      5208.87556         0.92165         0.98534****************        -1.00000         0.98159       800.79448         0.18408         1.00000         0.00000        25.35841         1.22675       349.77784
   4.00   126.48  1323.51       155.66317         1.00000         2.00000      5269.55944         0.91609         0.99430****************        -1.00000         0.98168       806.54248         0.18464         1.00000         0.00000        25.35841         1.22640       354.78226
   5.00   156.54  1334.48       154.38117         1.00000         2.00000      5309.86044         0.91097         1.00197****************        -1.00000         0.98173       812.01955         0.18353         1.00000         0.00000        25.35841         1.22579       359.74347
   6.00   186.61  1343.72       153.24641         1.00000         2.00000      5341.22848         0.90476         1.00847****************        -1.00000         0.98175       817.07654         0.18172         1.00000         0.00000        25.35841         1.22491       364.66993
   7.00   216.67  1351.86       152.18910         1.00000         2.00000      5368.18331         0.89830         1.01391****************        -1.00000         0.98176       821.89203         0.17960         1.00000         0.00000        25.35841         1.22387       369.53294
   8.00   246.00  1359.21       151.17374         1.00000         2.00000      5392.98461         0.89204         1.01840****************        -1.00000         0.98175       826.55970         0.17739         1.00000         0.00000        25.35841         1.22274       374.32051
   9.00   275.15  1389.39       146.45083         1.00000         2.00000      5638.29770         0.99517         1.02127****************        -1.00000         0.98147       851.59188         0.19396         1.00000         0.00000        25.35841         1.22611       377.94961
  10.00   304.13  1395.93       145.53125         1.00000         2.00000      5667.74567         0.99006         1.02432****************        -1.00000         0.98143       856.45284         0.19241         1.00000         0.00000        25.35841         1.22490       382.58615
  11.00   332.89  1401.83       144.59514         1.00000         2.00000      5698.37599         0.98618         1.02671****************        -1.00000         0.98138       861.32630         0.19102         1.00000         0.00000        25.35841         1.22365       387.15088
  12.00   361.54  1407.05       143.61703         1.00000         2.00000      5731.52098         0.98417         1.02850****************        -1.00000         0.98130       866.29072         0.18988         1.00000         0.00000        25.35841         1.22232       391.64979
  13.00   389.99  1411.44       142.55366         1.00000         2.00000      5769.43823         0.98527         1.02977****************        -1.00000         0.98119       871.48011         0.18916         1.00000         0.00000        25.35841         1.22090       396.09109
  14.00   417.30  1414.77       141.31634         1.00000         2.00000      5816.84782         0.99218         1.03057****************        -1.00000         0.98104       877.16878         0.18920         1.00000         0.00000        25.35841         1.21935       400.48704
  15.00   443.99  1416.59       139.67972         1.00000         2.00000      5886.21346         1.01247         1.03096****************        -1.00000         0.98079       884.04977         0.19087         1.00000         0.00000        25.35841         1.21759       404.85792
  16.00   470.33  1421.02       138.51497         1.00000         2.00000      5931.31094         1.02338         1.03098****************        -1.00000         0.98067       889.64433         0.19091         1.00000         0.00000        25.35841         1.21635       409.03960
  17.00   496.56  1427.31       137.91301         1.00000         2.00000      5945.92267         1.01787         1.03069****************        -1.00000         0.98067       893.58672         0.18886         1.00000         0.00000        25.35841         1.21550       413.07100
  18.00   522.40  1433.49       137.32410         1.00000         2.00000      5960.14759         1.01253         1.03014****************        -1.00000         0.98067       897.45922         0.18683         1.00000         0.00000        25.35841         1.21466       417.03552
  19.00   548.19  1439.55       136.74769         1.00000         2.00000      5973.99829         1.00735         1.02936****************        -1.00000         0.98067       901.26451         0.18482         1.00000         0.00000        25.35841         1.21385       420.93577
  20.00   573.57  1445.51       136.18327         1.00000         2.00000      5987.48646         1.00231         1.02836****************        -1.00000         0.98067       905.00514         0.18282         1.00000         0.00000        25.35841         1.21305       424.77417
  21.00   598.92  1452.89       135.48718         1.00000         2.00000      6002.68460         1.00431         1.02720****************        -1.00000         0.98072       908.47803         0.18104         1.00000         0.00000        25.35841         1.21253       428.49766
  22.00   624.04  1459.58       134.87396         1.00000         2.00000      6016.67526         1.00318         1.02587****************        -1.00000         0.98075       912.01054         0.17919         1.00000         0.00000        25.35841         1.21192       432.18628
  23.00   649.12  1468.94       133.87064         1.00000         2.00000      6050.95542         1.01800         1.02445****************        -1.00000         0.98091       914.04338         0.17902         1.00000         0.00000        25.35841         1.21179       435.72261
  24.00   673.78  1483.34       132.10763         1.00000         2.00000      6114.48252         1.06582         1.02299****************        -1.00000         0.98122       915.14955         0.18124         1.00000         0.00000        25.35841         1.21252       439.02980
  25.00   696.50  1497.64       130.42525         1.00000         2.00000      6171.79337         1.11448         1.02143****************        -1.00000         0.98146       918.01000         0.18298         1.00000         0.00000        25.35841         1.21325       442.29377
  26.00   719.22  1520.43       128.68834         1.00000         2.00000      6233.59836         1.17068         1.01994****************        -1.00000         0.98166       926.85318         0.18524         1.00000         0.00000        25.35841         1.21539       445.22235
  27.00   741.81  1557.12       126.24823         1.00000         2.00000      6389.64457         1.25886         1.01865****************        -1.00000         0.98180       945.68618         0.19415         1.00000         0.00000        25.35841         1.21979       447.64159
  28.00   764.39  1597.95       121.24221         1.00000         2.00000      6866.67299         1.50372         1.01740****************        -1.00000         0.98254       950.34927         0.21993         1.00000         0.00000        25.35841         1.22484       449.89204
  29.00   786.82  1602.83       120.86434         1.00000         2.00000      6884.47289         1.50057         1.01541****************        -1.00000         0.98252       953.70814         0.21887         1.00000         0.00000        25.35841         1.22400       453.32341
  30.00   809.20  1607.47       120.49162         1.00000         2.00000      6902.02322         1.49758         1.01336****************        -1.00000         0.98250       956.94577         0.21783         1.00000         0.00000        25.35841         1.22314       456.71457
