              Pi           depth              Ti             rho              KS               G             VBh             VSh             VPh             KSr              Gr             VBr             VSr             VPr             KSv              Gv             VBv             VSv             VPv
         0.00000        -0.00000      1244.59713         2.93207        81.47233        41.35510         5.27083         3.75487         6.82501        79.29189        39.74067         5.20029         3.68155         6.71675        83.65277        42.96953         5.34138         3.82819         6.93328
         1.00000        36.28228      1257.07455         3.13763        96.41052        51.33691         5.54183         4.04273         7.24603        92.10764        47.93230         5.41810         3.90853         7.05157       100.71340        54.74151         5.66556         4.17693         7.44049
         2.00000        66.34476      1288.49584         3.41619       108.75595        70.72187         5.62355         4.54941         7.69972        91.10242        68.56449         5.16409         4.48000         7.30947       126.40948        72.87925         6.08301         4.61882         8.08997
         3.00000        96.41489      1310.95427         3.49353       140.42197        76.55687         6.33979         4.68111         8.33126       138.45924        75.43789         6.29548         4.64689         8.27192       142.38470        77.67586         6.38410         4.71532         8.39061
         4.00000       126.47625      1323.50517         3.53017       147.43648        79.11401         6.46242         4.73387         8.46417       145.47581        77.92459         6.41944         4.69828         8.40483       149.39714        80.30342         6.50539         4.76946         8.52352
         5.00000       156.54183      1334.47552         3.55949       152.78048        80.94788         6.55136         4.76866         8.55807       150.84906        79.71222         6.50995         4.73226         8.49932       154.71190        82.18353         6.59277         4.80506         8.61681
         6.00000       186.60540      1343.72288         3.58585       157.53515        82.46749         6.62804         4.79549         8.63673       155.62200        81.18929         6.58779         4.75832         8.57833       159.44830        83.74569         6.66829         4.83265         8.69514
         7.00000       216.66896      1351.86382         3.61076       162.02038        83.83571         6.69851         4.81839         8.70781       160.11609        82.51197         6.65914         4.78035         8.64946       163.92467        85.15945         6.73788         4.85643         8.76616
         8.00000       246.00169      1359.21418         3.63501       166.40435        85.13629         6.76585         4.83939         8.77514       164.50188        83.76105         6.72717         4.80030         8.71658       168.30681        86.51153         6.80453         4.87848         8.83370
         9.00000       275.15035      1389.38945         3.75224       183.35642        96.17784         6.99015         5.06243         9.11226       180.14097        93.79385         6.92885         4.99968         9.01876       186.57186        98.56183         7.05144         5.12518         9.20577
        10.00000       304.12654      1395.92759         3.77595       188.10727        97.75597         7.05789         5.08777         9.18303       184.97929        95.41841         6.99921         5.02693         9.09298       191.23525       100.09354         7.11658         5.14861         9.27308
        11.00000       332.88900      1401.83339         3.80039       193.05698        99.41200         7.12714         5.11419         9.25579       190.02541        97.12308         7.07118         5.05530         9.16931       196.08856       101.70091         7.18310         5.17307         9.34226
        12.00000       361.53749      1407.04519         3.82627       198.36110       101.21309         7.19993         5.14285         9.33298       195.44689        98.97916         7.14704         5.08609         9.25047       201.27530       103.44701         7.25283         5.19961         9.41549
        13.00000       389.98609      1411.43742         3.85482       204.29656       103.27642         7.27979         5.17577         9.41880       201.54531       101.11195         7.23077         5.12153         9.34117       207.04781       105.44089         7.32881         5.23001         9.49643
        14.00000       417.29753      1414.77242         3.88857       211.45751       105.85080         7.37410         5.21713         9.52203       208.97845       103.79103         7.33088         5.16636         9.45146       213.93657       107.91056         7.41733         5.26789         9.59259
        15.00000       443.99125      1416.59174         3.93413       221.44526       109.60138         7.50248         5.27798         9.66594       219.56743       107.75283         7.47067         5.23347         9.60884       223.32308       111.44993         7.53429         5.32250         9.72304
        16.00000       470.32792      1421.01983         3.96721       229.02169       112.16834         7.59790         5.31716         9.76856       227.57339       110.46181         7.57387         5.27671         9.72052       230.47000       113.87488         7.62192         5.35761         9.81660
        17.00000       496.56087      1427.31084         3.98453       233.08502       113.16916         7.64833         5.32921         9.81656       231.65449       111.46580         7.62486         5.28911         9.76924       234.51554       114.87251         7.67180         5.36932         9.86387
        18.00000       522.40358      1433.48740         4.00162       237.13264       114.15503         7.69797         5.34094         9.86374       235.71937       112.45514         7.67503         5.30117         9.81712       238.54590       115.85493         7.72091         5.38071         9.91035
        19.00000       548.18742      1439.55399         4.01848       241.16511       115.12632         7.74683         5.35235         9.91013       239.76860       113.43020         7.72440         5.31292         9.86421       242.56161       116.82243         7.76926         5.39178         9.95606
        20.00000       573.57014      1445.51482         4.03514       245.18296       116.08331         7.79496         5.36345         9.95577       243.80275       114.39132         7.77302         5.32436         9.91051       246.56317       117.77530         7.81690         5.40254        10.00103
        21.00000       598.92253      1452.88578         4.05587       249.73859       117.22806         7.84692         5.37604        10.00551       248.33966       115.52578         7.82494         5.33700         9.96031       251.13751       118.93033         7.86889         5.41507        10.05071
        22.00000       624.04227      1459.58306         4.07431       254.01539       118.26796         7.89589         5.38760        10.05222       252.61600       116.56247         7.87414         5.34875        10.00738       255.41478       119.97345         7.91764         5.42645        10.09707
        23.00000       649.12026      1468.94380         4.10485       259.65897       120.49940         7.95337         5.41790        10.11903       258.12357       118.64742         7.92986         5.37626        10.07083       261.19437       122.35138         7.97688         5.45954        10.16724
        24.00000       673.78483      1483.33579         4.15963       268.47205       124.69232         8.03377         5.47488        10.22291       266.57039       122.42921         8.00532         5.42519        10.16507       270.37371       126.95543         8.06222         5.52457        10.28075
        25.00000       696.50299      1497.64150         4.21329       277.52174       128.67260         8.11586         5.52598        10.32393       275.34457       126.03048         8.08402         5.46924        10.25841       279.69891       131.31471         8.14769         5.58272        10.38945
        26.00000       719.22116      1520.43378         4.27016       287.13263       133.03255         8.20003         5.58123        10.42954       284.80582       130.06139         8.16681         5.51889        10.35894       289.45943       136.00371         8.23326         5.64356        10.50014
        27.00000       741.81150      1557.11855         4.35269       301.52527       142.61194         8.32298         5.72355        10.62791       299.04111       139.06346         8.28870         5.65233        10.54993       304.00942       146.16042         8.35727         5.79476        10.70590
        28.00000       764.39099      1597.95102         4.53240       336.29575       172.09151         8.61382         6.16183        11.17240       335.22679       170.31460         8.60013         6.13002        11.13845       337.36470       173.86841         8.62751         6.19364        11.20635
        29.00000       786.82469      1602.82923         4.54657       340.21184       173.49793         8.65032         6.17731        11.21193       339.16885       171.77511         8.63706         6.14664        11.17917       341.25482       175.22074         8.66358         6.20799        11.24469
        30.00000       809.19806      1607.46695         4.56064       344.12097       174.89543         8.68645         6.19258        11.25102       343.10341       173.22668         8.67361         6.16304        11.21942       345.13853       176.56418         8.69929         6.22212        11.28262
        31.00000       831.57144      1611.82946         4.57461       348.02628       176.28627         8.72225         6.20766        11.28973       347.03384       174.67171         8.70982         6.17923        11.25928       349.01873       177.90082         8.73469         6.23608        11.32018
        32.00000       853.94481      1615.92176         4.58849       351.92763       177.67128         8.75772         6.22256        11.32807       350.95994       176.11101         8.74568         6.19524        11.29875       352.89532       179.23155         8.76976         6.24989        11.35739
        33.00000       876.25551      1621.22474         4.60210       355.70437       178.94148         8.79156         6.23553        11.36373       354.75145       177.43437         8.77979         6.20927        11.33540       356.65729       180.44859         8.80334         6.26179        11.39205
        34.00000       898.36522      1626.96794         4.61555       359.42516       180.15271         8.82454         6.24749        11.39799       358.48278       178.69834         8.81297         6.22227        11.37061       360.36754       181.60708         8.83611         6.27270        11.42538
        35.00000       920.47493      1632.57386         4.62891       363.13862       181.34600         8.85720         6.25909        11.43177       362.20649       179.94459         8.84584         6.23491        11.40530       364.07074       182.74741         8.86857         6.28328        11.45823
        36.00000       942.58464      1638.04158         4.64219       366.84526       182.52123         8.88955         6.27036        11.46505       365.92313       181.17300         8.87838         6.24720        11.43950       367.76739       183.86945         8.90072         6.29352        11.49060
        37.00000       964.69435      1643.37003         4.65540       370.54557       183.67819         8.92159         6.28127        11.49786       369.63320       182.38338         8.91060         6.25913        11.47321       371.45795       184.97300         8.93257         6.30341        11.52251
        38.00000       986.62271      1648.55816         4.66853       374.24001       184.81662         8.95333         6.29184        11.53019       373.33719       183.57544         8.94253         6.27071        11.50643       375.14283       186.05780         8.96413         6.31297        11.55395
        39.00000      1008.47872      1653.60514         4.68161       377.92900       185.93618         8.98478         6.30206        11.56205       377.03555       184.74884         8.97416         6.28193        11.53917       378.82245       187.12352         8.99540         6.32218        11.58492
        40.00000      1030.33473      1658.51509         4.69462       381.61282       187.03670         9.01594         6.31192        11.59344       380.72859       185.90337         9.00550         6.29280        11.57143       382.49706       188.17004         9.02639         6.33104        11.61544
        41.00000      1052.19073      1663.27362         4.70757       385.29224       188.11707         9.04683         6.32141        11.62435       384.41711       187.03793         9.03656         6.30328        11.60321       386.16738       189.19622         9.05710         6.33954        11.64549
