   Pi    depth   Ti       vsplg        vssp         vsopx        vsc2c        vscpx        vswo         vspwo        vsgt         vscpv        vsol         vswa         vsri         vsil         vspv         vsppv        vscf         vsnal        vsmw         vsqtz        vscoes       vsst         vsapbo       vsky         vsneph       vsfea        vsfeg        vsfee        
   0.00    -0.00  1244.60         3.51786         3.45355         4.08517         4.41478         4.34004         3.90876         2.98031         4.81014         5.12584         4.00072         4.30253         4.68565         4.86924         5.18177         4.81213         5.10871         5.53968         3.65992         3.89207         4.27527         6.75347         6.71283         5.29859         3.24405         2.54074         2.57753         2.55788
   1.00    36.28  1257.07         3.54695         4.10310         4.17133         4.45075         4.40082         3.94145         3.00758         4.74605         5.15140         3.75587         4.33252         4.70632         4.89759         5.20130         4.84261         5.13538         5.56328         3.68530         3.85294         4.26419         6.76460         6.72847         5.32103         3.29083         2.57988         2.62771         2.60692
   2.00    66.34  1288.50         3.57066         4.09613         4.14563         4.47815         4.51085         3.96681         3.02864         4.86037         5.16873         3.76862         4.35517         4.72002         4.91748         5.21305         4.86003         5.15412         5.57798         3.70515         3.79146         4.24411         6.76234         6.73225         5.33443         3.32889         2.60067         2.65527         2.63353
   3.00    96.41  1310.95         3.59744         4.09108         4.17280         4.50749         4.55981         3.99307         3.04979         4.90300         5.18945         3.78362         4.38006         4.73628         4.94047         5.22802         4.88284         5.17589         5.59623         3.72625         3.71766         4.22585         6.76600         6.74143         5.35113         3.36503         2.62834         2.69104         2.66872
   4.00   126.48  1323.51         3.62473         4.08813         4.20149         4.53901         4.61433         4.02041         3.07122         4.94124         5.21376         3.80111         4.40734         4.75533         4.96680         5.24643         4.91124         5.20088         5.61827         3.74865         3.67070         4.20993         6.77605         6.75642         5.37144         3.39979         2.66315         2.73517         2.71254
   5.00   156.54  1334.48         3.65045         4.08530         4.22926         4.56981         4.65779         4.04664         3.09131         4.96475         5.23823         3.81825         4.43428         4.77435         4.99308         5.26503         4.93980         5.22587         5.64043         3.77044         3.63347         4.19316         6.78673         6.77211         5.39174         3.43189         2.69781         2.77885         2.75604
   6.00   186.61  1343.72         3.67483         4.08262         4.25632         4.60004         4.69665         4.07188         3.11020         4.98452         5.26288         3.83513         4.46093         4.79340         5.01938         5.28387         4.96858         5.25091         5.66277         3.79167         3.60256         4.17564         6.79809         6.78854         5.41212         3.46171         2.73245         2.82223         2.79935
   7.00   216.67  1351.86         3.69785         4.07995         4.28262         4.62955         4.73249         4.09609         3.12791         5.00263         5.28748         3.85161         4.48712         4.81228         5.04546         5.30271         4.99719         5.27577         5.68503         3.81223         3.57617         4.15718         6.80969         6.80535         5.43232         3.48942         2.76663         2.86480         2.84190
   8.00   246.00  1359.21         3.71956         4.07724         4.30817         4.65834         4.76632         4.11925         3.14445         5.02011         5.31189         3.86762         4.51280         4.83092         5.07123         5.32143         5.02546         5.30036         5.70709         3.83210         3.55324         4.13768         6.82131         6.82234         5.45224         3.51521         2.80014         2.90637         2.88347
   9.00   275.15  1389.39         3.73397         4.06906         4.32614         4.67916         4.79086         4.13595         3.15581         5.03186         5.32771         3.87577         4.53107         4.84212         5.08808         5.33181         5.04073         5.31670         5.71972         3.84685         3.52374         4.10730         6.81809         6.82600         5.46232         3.53522         2.81616         2.92732         2.90471
  10.00   304.13  1395.93         3.75322         4.06613         4.35028         4.70657         4.82231         4.15723         3.17026         5.04984         5.35166         3.89082         4.55570         4.86016         5.11311         5.35019         5.06827         5.34065         5.74126         3.86539         3.50552         4.08537         6.82943         6.84304         5.48151         3.55771         2.84844         2.96710         2.94459
  11.00   332.89  1401.83         3.77142         4.06313         4.37386         4.73339         4.85295         4.17766         3.18377         5.06887         5.37539         3.90548         4.57984         4.87793         5.13782         5.36841         5.09542         5.36430         5.76256         3.88331         3.48934         4.06241         6.84066         6.86015         5.50041         3.57878         2.88010         3.00599         2.98354
  12.00   361.54  1407.05         3.78865         4.06010         4.39696         4.75968         4.88302         4.19732         3.19641         5.08972         5.39891         3.91980         4.60356         4.89548         5.16225         5.38650         5.12223         5.38768         5.78366         3.90062         3.47496         4.03845         6.85180         6.87737         5.51907         3.59190         2.91125         3.04409         3.02168
  13.00   389.99  1411.44         3.80502         4.05707         4.41966         4.78551         4.91278         4.21628         3.20827         5.11360         5.42228         3.93385         4.62690         4.91286         5.18646         5.40451         5.14877         5.41085         5.80463         3.91737         3.46225         4.01358         6.86292         6.89477         5.53755         3.60237         2.94200         3.08156         3.05915
  14.00   417.30  1414.77         3.82063         4.05409         4.44207         4.81098         4.94266         4.23464         3.21942         5.14254         5.44556         3.94772         4.64995         4.93013         5.21055         5.42252         5.17517         5.43388         5.82554         3.93363         3.45116         3.98790         6.87412         6.91247         5.55595         3.61461         2.97253         3.11861         3.09616
  15.00   443.99  1416.59         3.83565         4.05127         4.46438         4.83627         4.97475         4.25254         3.22999         5.18061         5.46891         3.96158         4.67285         4.94745         5.23467         5.44068         5.20163         5.45691         5.84656         3.94949         3.44177         3.96165         6.88566         6.93071         5.57447         3.62686         3.00315         3.15561         3.13303
  16.00   470.33  1421.02         3.84907         4.04770         4.48542         4.86024         4.80079         4.26916         3.23938         5.20595         5.49102         3.97422         4.69452         4.96364         5.25745         5.45766         5.22626         5.47871         5.86624         3.96430         3.43213         3.93298         6.89513         6.94728         5.59153         3.63833         3.03133         3.18970         3.16704
  17.00   496.56  1427.31         3.86114         4.04356         4.50546         4.88317         4.82454         4.28472         3.24776         5.21814         5.51219         3.98589         4.71521         4.97897         5.27919         5.47376         5.24951         5.49955         5.88489         3.97824         3.42245         3.90218         6.90302         6.96262         5.60747         3.64895         3.05769         3.22160         3.19890
  18.00   522.40  1433.49         3.87238         4.03930         4.52509         4.90564         4.84777         4.29966         3.25549         5.23001         5.53305         3.99722         4.73546         4.99399         5.30058         5.48961         5.27232         5.52005         5.90323         3.99164         3.41351         3.87013         6.91047         6.97780         5.62305         3.65893         3.08348         3.25276         3.22998
  19.00   548.19  1439.55         3.88282         4.03492         4.54433         4.92768         4.87049         4.31403         3.26258         5.24158         5.55360         4.00821         4.75529         5.00872         5.32161         5.50522         5.29470         5.54022         5.92126         4.00452         3.40525         3.83682         6.91746         6.99281         5.63829         3.66828         3.10873         3.28321         3.26034
  20.00   573.57  1445.51         3.89247         4.03042         4.56320         4.94930         4.89273         4.32785         3.26908         5.25286         5.57387         4.01890         4.77472         5.02317         5.34232         5.52060         5.31666         5.56007         5.93901         4.01691         3.39760         3.80223         6.92398         7.00767         5.65320         3.67699         3.13348         3.31299         3.29001
  21.00   598.92  1452.89         3.90099         4.02547         4.58129         4.97014         4.91415         4.34085         3.27480         5.26311         5.59341         4.02884         4.79339         5.03695         5.36222         5.53530         5.33760         5.57919         5.95597         4.02860         3.38980         3.76560         6.92922         7.02160         5.66724         3.68493         3.15691         3.34121         3.31816
  22.00   624.04  1459.58         3.90890         4.02054         4.59922         4.99077         4.93527         4.35348         3.28006         5.27347         5.61286         4.03867         4.81183         5.05062         5.38201         5.54996         5.35842         5.59817         5.97286         4.03990         3.38278         3.72793         6.93430         7.03569         5.68119         3.69235         3.18022         3.36921         3.34605
  23.00   649.12  1468.94         3.91539         4.01491         4.61606         5.01035         4.95532         4.36511         3.28442         5.28956         5.63128         4.04743         4.82925         5.06332         5.40064         5.56361         5.37778         5.57151         5.98860         4.05039         3.37489         3.68751         6.93745         7.04825         5.69385         3.69889         3.20163         3.39504         3.37186
  24.00   673.78  1483.34         3.91988         4.00806         4.63116         5.02833         4.97376         4.37537         3.28759         5.29677         5.64806         4.05448         4.84508         5.07444         5.41741         5.57561         5.39482         5.74370         6.00246         4.05976         3.36492         3.64305         6.93752         7.05813         5.70440         3.70428         3.21998         3.41740         3.39440
  25.00   696.50  1497.64         3.92366         4.00111         4.64598         5.04604         4.99185         4.38522         3.29030         5.28710         5.66467         4.06129         4.86061         5.08535         5.43395         5.58746         5.41162         5.85246         6.01614         4.06875         3.35527         3.59702         6.93718         7.06793         5.71470         3.70916         3.23806         3.43942         3.41659
  26.00   719.22  1520.43         3.92459         3.99221         4.65811         5.06139         5.00759         4.39314         3.29141         5.26744         5.67881         4.06544         4.87379         5.09383         5.44764         5.59675         5.42491         5.85713         6.02941         4.07626         3.34169         3.54486         6.93214         7.07342         5.72170         3.71252         3.25147         3.45624         3.43393
  27.00   741.81  1557.12         3.92132         3.98016         4.66604         5.07312         5.01976         4.39822         3.29025         5.23708         5.68915         4.06540         4.88337         5.09852         5.45689         6.31417         5.43276         5.85503         6.02662         4.08166         3.32133         3.48329         6.91986         7.07199         5.72351         3.71372         3.25758         3.46498         3.44379
  28.00   764.39  1597.95         3.91628         3.96709         4.67251         5.08367         5.03070         4.40225         3.28817         5.15418         5.69834         4.06396         4.89174         5.10199         6.38850         6.32908         5.43897         5.89770         6.03434         4.08625         3.29884         3.41712         6.90531         7.06850         5.72366         3.71395         3.26150         3.47131         3.45142
  29.00   786.82  1602.83         3.91947         3.96178         4.68886         5.10268         5.04970         4.41238         3.29051         5.16382         5.71678         4.07255         4.90843         5.11455         6.40767         6.34312         5.45856         5.92461         6.05224         4.09504         3.29467         3.36879         6.90798         7.08258         5.73638         3.71810         3.28356         3.49756         3.47748
  30.00   809.20  1607.47         3.92197         3.95641         4.70503         5.12145         5.06842         4.42217         3.29247         5.17329         5.73502         4.08097         4.92487         5.12693         6.42615         6.35719         5.47788         5.95095         6.06993         4.10347         3.29088         3.31887         6.91010         7.09660         5.74892         3.72185         3.30534         3.52344         3.50314
  31.00   831.57  1611.83         3.92377         3.95099         4.72103         5.14001         5.08687         4.43165         3.29408         5.18260         5.75307         4.08924         4.94108         5.13916         6.44405         6.37129         5.49697         5.97685         6.08743         4.11155         3.28745         3.26731         6.91163         7.11057         5.76130         3.72525         3.32688         3.54900         3.52844
  32.00   853.94  1615.92         3.92487         3.94553         4.73687         5.15836         5.10506         4.44084         3.29534         5.19176         5.77094         4.09738         4.95706         5.15124         6.46147         6.38545         5.51582         6.00228         6.10475         4.11929         3.28437         3.21404         6.91255         7.12449         5.77351         3.72829         3.34818         3.57423         3.55339
  33.00   876.26  1621.22         3.92489         3.93970         4.75214         5.17617         5.12267         4.44948         3.29607         5.20040         5.78827         4.10498         4.97249         5.16279         6.47768         6.39501         5.53394         6.02389         6.11566         4.12652         3.28742         3.15809         6.91216         7.13767         5.78505         3.73081         3.36855         3.59839         3.57731
  34.00   898.37  1626.97         3.92400         3.93367         4.76707         5.19363         5.13990         4.45773         3.29638         5.20874         5.80527         4.11225         4.98755         5.17404         6.49318         6.40265         5.55160         6.04383         6.13016         4.13334         3.29324         3.09978         6.91079         7.15048         5.79620         3.73293         3.38839         3.62192         3.60060
  35.00   920.47  1632.57         3.92231         3.92759         4.78182         5.21089         5.15686         4.46570         3.29637         5.21691         5.82208         4.11937         5.00238         5.18512         6.50831         6.41009         5.56903         6.06351         6.14448         4.13984         3.29927         3.03936         6.90867         7.16319         5.80717         3.73472         3.40798         3.64513         3.62356
