     Pi      depth         Ti     an            ab            sp            hc            smag          picr          en            fs            mgts          odi           mgc2          fec2          di            he            cen           cats          jd            acm           wo            pwo           py            al            gr            mgmj          namj          andr          knor          capv          fo            fa            mgwa          fewa          mgri          feri          mgil          feil          co            hem           esk           mgpv          fepv          alpv          hepv          hlpv          fapv          crpv          mppv          fppv          appv          hppv          cppv          mgcf          fecf          nacf          hmag          crcf          mnal          fnal          nnal          pe            wu            wuls          anao          mag           qtz           coes          st            apbo          ky            neph          fea           feg           fee               Gibbs       Quality
   0.00      -0.00    1244.60    0.70456691    0.36695107    0.00009913    0.00328231    0.02456141    0.00254000   -0.00000000   -0.00000000    0.00000000    0.00000000   -0.00000000   -0.00000000    0.41933538    0.09244747    0.02616023    0.01220023    0.00365175    0.02472717   -0.00000000   -0.00000000    0.00000000   -0.00000000   -0.00000000   -0.00000000    0.00000000   -0.00000000   -0.00000000   -0.00000000    0.42883751    0.21143440   -0.00000000   -0.00000000   -0.00000000   -0.00000000    0.00000000   -0.00000000   -0.00000000    0.00000000   -0.00000000   -0.00000000   -0.00000000   -0.00000000    0.00000000    0.00000000    0.00000000   -0.00000000    0.00000000   -0.00000000   -0.00000000    0.00000000   -0.00000000   -0.00000000   -0.00000000   -0.00000000    0.00000000   -0.00000000   -0.00000000   -0.00000000   -0.00000000   -0.00000000   -0.00000000   -0.00000000   -0.00000000    0.00000000    0.31605678   -0.00000000    0.00000000    0.00000000    0.00000000   -0.00000000   -0.00000000   -0.00000000   -0.00000000   -6.69344800    0.00001037
   1.00      36.28    1257.07    0.41600929    0.30081071   -0.00000000   -0.00000000    0.00000000   -0.00000000    0.16816710    0.06984427    0.01701789    0.00677927   -0.00000000    0.00000000    0.50797528    0.11304529    0.04635922    0.04870348    0.05649032    0.03794512   -0.00000000   -0.00000000    0.12086674    0.09680872    0.02739336    0.00022069    0.00004192    0.01795244    0.00254000   -0.00000000   -0.00000000    0.00000000    0.00000000    0.00000000   -0.00000000    0.00000000    0.00000000    0.00000000    0.00000000    0.00000000   -0.00000000    0.00000000    0.00000000   -0.00000000    0.00000000    0.00000000    0.00000000   -0.00000000    0.00000000    0.00000000   -0.00000000    0.00000000   -0.00000000   -0.00000000   -0.00000000    0.00000000    0.00000000   -0.00000000   -0.00000000    0.00000000    0.00000000   -0.00000000   -0.00000000   -0.00000000    0.00000000    0.00000000    0.00000000    0.00000000    0.00000000    0.00000000    0.00000000    0.00000000   -0.00000000   -0.00000000   -0.00000000   -6.50994770    0.00093707
   2.00      66.34    1288.50    0.00000000    0.00000000    0.00000000    0.00000000   -0.00000000   -0.00000000    0.00000000    0.00000000    0.00000000    0.00000000    0.00000000    0.00000000    0.53831554    0.08753833    0.04113439    0.20249662    0.34540558    0.04943194    0.00000000    0.00000000    0.23415592    0.15187389    0.12119081    0.00026292    0.00024624    0.01220903    0.00254000    0.00000000   -0.00000000    0.00000000   -0.00000000    0.00000000   -0.00000000    0.00000000   -0.00000000    0.00000000    0.00000000   -0.00000000    0.00000000   -0.00000000    0.00000000    0.00000000   -0.00000000   -0.00000000   -0.00000000    0.00000000    0.00000000    0.00000000    0.00000000   -0.00000000    0.00000000    0.00000000    0.00000000   -0.00000000   -0.00000000    0.00000000    0.00000000    0.00000000   -0.00000000   -0.00000000    0.00000000   -0.00000000   -0.00000000   -0.00000000    0.69379003    0.00000000    0.00000000    0.00000000    0.02302997   -0.00000000    0.00000000    0.00000000    0.00000000   -6.34267429    0.00096210
   3.00      96.41    1310.95    0.00000000    0.00000000    0.00000000    0.00000000   -0.00000000    0.00000000   -0.00000000    0.00000000   -0.00000000    0.00000000    0.00000000    0.00000000    0.49740809    0.06917648    0.02570641    0.11162956    0.35301595    0.04127188    0.00000000    0.00000000    0.25779988    0.15799451    0.16715623    0.00040209    0.00052108    0.01628906    0.00254000    0.00000000   -0.00000000    0.00000000   -0.00000000    0.00000000   -0.00000000    0.00000000   -0.00000000    0.00000000    0.00000000   -0.00000000    0.00000000   -0.00000000    0.00000000   -0.00000000   -0.00000000   -0.00000000   -0.00000000    0.00000000    0.00000000    0.00000000    0.00000000   -0.00000000    0.00000000   -0.00000000    0.00000000   -0.00000000   -0.00000000    0.00000000    0.00000000    0.00000000    0.00000000   -0.00000000    0.00000000    0.00000000   -0.00000000   -0.00000000    0.00000000    0.68245816    0.00000000    0.00000000    0.03436184    0.00000000    0.00000000    0.00000000    0.00000000   -6.18301408    0.00524160
   4.00     126.48    1323.51   -0.00000000   -0.00000000   -0.00000000   -0.00000000    0.00000000    0.00000000    0.00000000    0.00000000   -0.00000000   -0.00000000    0.00000000    0.00000000    0.42269431    0.04964907    0.01693988    0.06150298    0.35859891    0.03468892   -0.00000000   -0.00000000    0.28815658    0.16450364    0.21198734    0.00057128    0.00102108    0.01958054    0.00254000   -0.00000000    0.00000000   -0.00000000    0.00000000    0.00000000    0.00000000   -0.00000000    0.00000000    0.00000000    0.00000000    0.00000000   -0.00000000    0.00000000    0.00000000   -0.00000000    0.00000000    0.00000000    0.00000000   -0.00000000    0.00000000   -0.00000000   -0.00000000    0.00000000   -0.00000000    0.00000000   -0.00000000    0.00000000    0.00000000   -0.00000000    0.00000000   -0.00000000    0.00000000    0.00000000    0.00000000    0.00000000    0.00000000    0.00000000    0.00000000    0.71682000    0.00000000   -0.00000000   -0.00000000    0.00000000   -0.00000000   -0.00000000   -0.00000000   -6.02658631    0.00480003
   5.00     156.54    1334.48   -0.00000000   -0.00000000   -0.00000000   -0.00000000    0.00000000    0.00000000    0.00000000    0.00000000   -0.00000000   -0.00000000    0.00000000    0.00000000    0.40138343    0.04263362    0.01346599    0.03174360    0.36061631    0.03117471   -0.00000000   -0.00000000    0.29696398    0.16684213    0.22959214    0.00084329    0.00176949    0.02133764    0.00254000   -0.00000000    0.00000000   -0.00000000    0.00000000    0.00000000    0.00000000   -0.00000000    0.00000000    0.00000000    0.00000000    0.00000000   -0.00000000    0.00000000    0.00000000   -0.00000000    0.00000000    0.00000000    0.00000000   -0.00000000    0.00000000   -0.00000000   -0.00000000    0.00000000   -0.00000000    0.00000000   -0.00000000    0.00000000    0.00000000   -0.00000000    0.00000000   -0.00000000    0.00000000    0.00000000    0.00000000    0.00000000    0.00000000    0.00000000    0.00000000    0.71682000    0.00000000   -0.00000000   -0.00000000    0.00000000   -0.00000000   -0.00000000   -0.00000000   -5.87158054    0.00020989
   6.00     186.61    1343.72   -0.00000000   -0.00000000   -0.00000000   -0.00000000    0.00000000    0.00000000    0.00000000    0.00000000   -0.00000000   -0.00000000    0.00000000    0.00000000    0.38997507    0.03797659    0.01163053    0.01688484    0.36063036    0.02891245   -0.00000000   -0.00000000    0.30108645    0.16839447    0.23876906    0.00124024    0.00289359    0.02246877    0.00254000   -0.00000000    0.00000000   -0.00000000    0.00000000    0.00000000    0.00000000   -0.00000000    0.00000000    0.00000000    0.00000000    0.00000000   -0.00000000    0.00000000    0.00000000   -0.00000000    0.00000000    0.00000000    0.00000000   -0.00000000    0.00000000   -0.00000000   -0.00000000    0.00000000   -0.00000000    0.00000000   -0.00000000    0.00000000    0.00000000   -0.00000000    0.00000000   -0.00000000    0.00000000    0.00000000    0.00000000    0.00000000    0.00000000    0.00000000    0.00000000    0.71682000    0.00000000   -0.00000000   -0.00000000    0.00000000   -0.00000000   -0.00000000   -0.00000000   -5.71777525    0.00018567
   7.00     216.67    1351.86   -0.00000000   -0.00000000   -0.00000000   -0.00000000    0.00000000    0.00000000    0.00000000    0.00000000   -0.00000000   -0.00000000    0.00000000    0.00000000    0.38265126    0.03434327    0.01048423    0.00926745    0.35896161    0.02723165   -0.00000000   -0.00000000    0.30297601    0.16960558    0.24412016    0.00180847    0.00456837    0.02330917    0.00254000   -0.00000000    0.00000000   -0.00000000    0.00000000    0.00000000    0.00000000   -0.00000000    0.00000000    0.00000000    0.00000000    0.00000000   -0.00000000    0.00000000    0.00000000   -0.00000000    0.00000000    0.00000000    0.00000000   -0.00000000    0.00000000   -0.00000000   -0.00000000    0.00000000   -0.00000000    0.00000000   -0.00000000    0.00000000    0.00000000   -0.00000000    0.00000000   -0.00000000    0.00000000    0.00000000    0.00000000    0.00000000    0.00000000    0.00000000    0.00000000    0.71682000    0.00000000   -0.00000000   -0.00000000    0.00000000   -0.00000000   -0.00000000   -0.00000000   -5.56506206    0.00000331
   8.00     246.00    1359.21   -0.00000000   -0.00000000   -0.00000000   -0.00000000    0.00000000    0.00000000    0.00000000    0.00000000   -0.00000000   -0.00000000    0.00000000    0.00000000    0.37610974    0.03113983    0.00962585    0.00522031    0.35544122    0.02578710   -0.00000000   -0.00000000    0.30384043    0.17067339    0.24799526    0.00260411    0.00705084    0.02403145    0.00254000   -0.00000000    0.00000000   -0.00000000    0.00000000    0.00000000    0.00000000   -0.00000000    0.00000000    0.00000000    0.00000000    0.00000000   -0.00000000    0.00000000    0.00000000   -0.00000000    0.00000000    0.00000000    0.00000000   -0.00000000    0.00000000   -0.00000000   -0.00000000    0.00000000   -0.00000000    0.00000000   -0.00000000    0.00000000    0.00000000   -0.00000000    0.00000000   -0.00000000    0.00000000    0.00000000    0.00000000    0.00000000    0.00000000    0.00000000    0.00000000    0.71682000    0.00000000   -0.00000000   -0.00000000    0.00000000   -0.00000000   -0.00000000   -0.00000000   -5.41338307    0.00000029
   9.00     275.15    1389.39   -0.00000000    0.00000000    0.00000000   -0.00000000    0.00000000   -0.00000000    0.00000000   -0.00000000    0.00000000   -0.00000000    0.00000000   -0.00000000    0.36534647    0.02932020    0.00934068    0.00342938    0.34844441    0.02435003   -0.00000000   -0.00000000    0.30445048    0.17127993    0.25206800    0.00392574    0.01126778    0.02474998    0.00254000   -0.00000000    0.00000000   -0.00000000    0.00000000   -0.00000000    0.00000000   -0.00000000    0.00000000   -0.00000000   -0.00000000    0.00000000   -0.00000000   -0.00000000   -0.00000000    0.00000000    0.00000000    0.00000000    0.00000000   -0.00000000    0.00000000   -0.00000000    0.00000000    0.00000000   -0.00000000    0.00000000   -0.00000000    0.00000000    0.00000000    0.00000000    0.00000000   -0.00000000    0.00000000    0.00000000   -0.00000000   -0.00000000    0.00000000    0.00000000    0.00000000   -0.00000000    0.71682000   -0.00000000    0.00000000    0.00000000   -0.00000000   -0.00000000   -0.00000000   -5.26342152    0.00283503
  10.00     304.13    1395.93   -0.00000000    0.00000000    0.00000000   -0.00000000    0.00000000   -0.00000000    0.00000000   -0.00000000    0.00000000   -0.00000000    0.00000000   -0.00000000    0.35357449    0.02609014    0.00852858    0.00200181    0.33866645    0.02282303   -0.00000000   -0.00000000    0.30497731    0.17235662    0.25678104    0.00546654    0.01692026    0.02551348    0.00254000   -0.00000000    0.00000000   -0.00000000    0.00000000   -0.00000000    0.00000000   -0.00000000    0.00000000   -0.00000000   -0.00000000    0.00000000   -0.00000000   -0.00000000   -0.00000000    0.00000000    0.00000000    0.00000000    0.00000000   -0.00000000    0.00000000   -0.00000000    0.00000000    0.00000000   -0.00000000    0.00000000   -0.00000000    0.00000000    0.00000000    0.00000000    0.00000000   -0.00000000    0.00000000    0.00000000   -0.00000000   -0.00000000    0.00000000    0.00000000    0.00000000   -0.00000000    0.71682000   -0.00000000    0.00000000    0.00000000   -0.00000000   -0.00000000   -0.00000000   -5.11742985    0.00000032
  11.00     332.89    1401.83   -0.00000000    0.00000000    0.00000000   -0.00000000    0.00000000   -0.00000000    0.00000000   -0.00000000    0.00000000   -0.00000000    0.00000000   -0.00000000    0.33614498    0.02267563    0.00764133    0.00116768    0.32359104    0.02104103   -0.00000000   -0.00000000    0.30587592    0.17349479    0.26311609    0.00748641    0.02534896    0.02640448    0.00254000   -0.00000000    0.00000000   -0.00000000    0.00000000   -0.00000000    0.00000000   -0.00000000    0.00000000   -0.00000000    0.00000000    0.00000000   -0.00000000   -0.00000000   -0.00000000    0.00000000    0.00000000    0.00000000    0.00000000   -0.00000000    0.00000000   -0.00000000    0.00000000    0.00000000   -0.00000000    0.00000000   -0.00000000    0.00000000    0.00000000    0.00000000    0.00000000   -0.00000000    0.00000000    0.00000000   -0.00000000   -0.00000000    0.00000000    0.00000000    0.00000000   -0.00000000    0.71682000   -0.00000000    0.00000000    0.00000000   -0.00000000   -0.00000000   -0.00000000   -4.97236428    0.00022317
  12.00     361.54    1407.05   -0.00000000    0.00000000    0.00000000   -0.00000000    0.00000000   -0.00000000    0.00000000   -0.00000000    0.00000000   -0.00000000    0.00000000   -0.00000000    0.30959433    0.01892073    0.00660730    0.00066793    0.30015083    0.01881342   -0.00000000   -0.00000000    0.30768952    0.17474642    0.27227071    0.01007241    0.03818287    0.02751829    0.00254000   -0.00000000    0.00000000   -0.00000000    0.00000000   -0.00000000    0.00000000   -0.00000000    0.00000000   -0.00000000    0.00000000    0.00000000   -0.00000000    0.00000000   -0.00000000    0.00000000    0.00000000    0.00000000    0.00000000   -0.00000000    0.00000000   -0.00000000    0.00000000    0.00000000   -0.00000000    0.00000000   -0.00000000    0.00000000    0.00000000   -0.00000000    0.00000000   -0.00000000    0.00000000    0.00000000   -0.00000000   -0.00000000    0.00000000    0.00000000    0.00000000   -0.00000000    0.71682000   -0.00000000    0.00000000    0.00000000   -0.00000000   -0.00000000   -0.00000000   -4.82825314    0.00007423
  13.00     389.99    1411.44   -0.00000000    0.00000000    0.00000000   -0.00000000    0.00000000   -0.00000000    0.00000000   -0.00000000    0.00000000   -0.00000000    0.00000000   -0.00000000    0.26788930    0.01462366    0.00533070    0.00036143    0.26255630    0.01582139   -0.00000000   -0.00000000    0.31142074    0.17617878    0.28621090    0.01326524    0.05847615    0.02901430    0.00254000   -0.00000000    0.00000000   -0.00000000    0.00000000   -0.00000000    0.00000000   -0.00000000    0.00000000   -0.00000000    0.00000000    0.00000000   -0.00000000    0.00000000   -0.00000000    0.00000000    0.00000000    0.00000000    0.00000000   -0.00000000    0.00000000   -0.00000000    0.00000000    0.00000000   -0.00000000    0.00000000   -0.00000000    0.00000000    0.00000000   -0.00000000    0.00000000   -0.00000000    0.00000000    0.00000000   -0.00000000   -0.00000000    0.00000000    0.00000000    0.00000000   -0.00000000    0.71682000   -0.00000000    0.00000000    0.00000000   -0.00000000   -0.00000000   -0.00000000   -4.68515787    0.00210116
  14.00     417.30    1414.77   -0.00000000    0.00000000    0.00000000   -0.00000000    0.00000000   -0.00000000    0.00000000   -0.00000000    0.00000000   -0.00000000    0.00000000   -0.00000000    0.19853600    0.00944843    0.00364444    0.00016822    0.19835033    0.01142640   -0.00000000   -0.00000000    0.31928210    0.17790386    0.30892065    0.01697554    0.09277663    0.03121180    0.00254000   -0.00000000    0.00000000   -0.00000000    0.00000000   -0.00000000    0.00000000   -0.00000000    0.00000000   -0.00000000    0.00000000    0.00000000   -0.00000000    0.00000000   -0.00000000    0.00000000    0.00000000    0.00000000    0.00000000   -0.00000000    0.00000000   -0.00000000    0.00000000    0.00000000   -0.00000000    0.00000000   -0.00000000    0.00000000    0.00000000   -0.00000000    0.00000000   -0.00000000    0.00000000    0.00000000   -0.00000000   -0.00000000    0.00000000    0.00000000    0.00000000    0.00000000    0.71682000   -0.00000000    0.00000000    0.00000000   -0.00000000   -0.00000000   -0.00000000   -4.54320209    0.00007781
  15.00     443.99    1416.59   -0.00000000    0.00000000    0.00000000   -0.00000000    0.00000000   -0.00000000    0.00000000   -0.00000000    0.00000000   -0.00000000    0.00000000   -0.00000000    0.07004625    0.00277423    0.00116781    0.00003887    0.07463486    0.00406954   -0.00000000   -0.00000000    0.33762512    0.18012859    0.35033998    0.02019499    0.15831280    0.03489023    0.00254000   -0.00000000    0.00000000   -0.00000000    0.00000000   -0.00000000    0.00000000   -0.00000000    0.00000000   -0.00000000    0.00000000    0.00000000   -0.00000000    0.00000000   -0.00000000    0.00000000    0.00000000    0.00000000    0.00000000   -0.00000000    0.00000000   -0.00000000    0.00000000    0.00000000   -0.00000000    0.00000000    0.00000000    0.00000000    0.00000000   -0.00000000    0.00000000   -0.00000000    0.00000000    0.00000000   -0.00000000   -0.00000000    0.00000000    0.00000000    0.00000000    0.00000000    0.71682000   -0.00000000    0.00000000    0.00000000   -0.00000000   -0.00000000   -0.00000000   -4.40265315    0.00000003
  16.00     470.33    1421.02   -0.00000000    0.00000000    0.00000000    0.00000000   -0.00000000   -0.00000000   -0.00000000   -0.00000000   -0.00000000    0.00000000   -0.00000000   -0.00000000    0.00000000    0.00000000   -0.00000000    0.00000000   -0.00000000   -0.00000000    0.00000000    0.00000000    0.35180500    0.18105333    0.37259167    0.01781750    0.19766500    0.03692500    0.00254000    0.00000000   -0.00000000   -0.00000000   -0.00000000   -0.00000000   -0.00000000   -0.00000000   -0.00000000   -0.00000000    0.00000000   -0.00000000   -0.00000000   -0.00000000   -0.00000000    0.00000000   -0.00000000   -0.00000000   -0.00000000   -0.00000000   -0.00000000   -0.00000000    0.00000000   -0.00000000   -0.00000000    0.00000000    0.00000000    0.00000000   -0.00000000   -0.00000000    0.00000000    0.00000000    0.00000000   -0.00000000   -0.00000000   -0.00000000    0.00000000   -0.00000000   -0.00000000   -0.00000000    0.71682000   -0.00000000    0.00000000    0.00000000    0.00000000    0.00000000    0.00000000   -4.26372830    0.00000000
  17.00     496.56    1427.31   -0.00000000    0.00000000    0.00000000    0.00000000   -0.00000000   -0.00000000   -0.00000000   -0.00000000   -0.00000000    0.00000000   -0.00000000   -0.00000000    0.00000000    0.00000000   -0.00000000    0.00000000   -0.00000000   -0.00000000    0.00000000    0.00000000    0.35180500    0.18105333    0.37259167    0.01781750    0.19766500    0.03692500    0.00254000    0.00000000   -0.00000000   -0.00000000   -0.00000000   -0.00000000   -0.00000000   -0.00000000   -0.00000000   -0.00000000    0.00000000   -0.00000000   -0.00000000   -0.00000000   -0.00000000    0.00000000   -0.00000000   -0.00000000   -0.00000000   -0.00000000   -0.00000000   -0.00000000    0.00000000   -0.00000000   -0.00000000    0.00000000    0.00000000    0.00000000   -0.00000000   -0.00000000    0.00000000    0.00000000    0.00000000   -0.00000000   -0.00000000   -0.00000000    0.00000000   -0.00000000   -0.00000000   -0.00000000    0.71682000   -0.00000000    0.00000000    0.00000000    0.00000000    0.00000000    0.00000000   -4.12551542    0.00000000
  18.00     522.40    1433.49   -0.00000000    0.00000000    0.00000000    0.00000000   -0.00000000   -0.00000000   -0.00000000   -0.00000000   -0.00000000    0.00000000   -0.00000000   -0.00000000    0.00000000    0.00000000   -0.00000000    0.00000000   -0.00000000   -0.00000000    0.00000000    0.00000000    0.35180500    0.18105333    0.37259167    0.01781750    0.19766500    0.03692500    0.00254000    0.00000000   -0.00000000   -0.00000000   -0.00000000   -0.00000000   -0.00000000   -0.00000000   -0.00000000   -0.00000000    0.00000000   -0.00000000   -0.00000000   -0.00000000   -0.00000000    0.00000000   -0.00000000   -0.00000000   -0.00000000   -0.00000000   -0.00000000   -0.00000000    0.00000000   -0.00000000   -0.00000000    0.00000000    0.00000000    0.00000000   -0.00000000   -0.00000000    0.00000000    0.00000000    0.00000000   -0.00000000   -0.00000000   -0.00000000    0.00000000   -0.00000000   -0.00000000   -0.00000000    0.71682000   -0.00000000    0.00000000    0.00000000    0.00000000    0.00000000    0.00000000   -3.98789792    0.00000000
  19.00     548.19    1439.55   -0.00000000    0.00000000    0.00000000    0.00000000   -0.00000000   -0.00000000   -0.00000000   -0.00000000   -0.00000000    0.00000000   -0.00000000   -0.00000000    0.00000000    0.00000000   -0.00000000    0.00000000   -0.00000000   -0.00000000    0.00000000    0.00000000    0.35180500    0.18105333    0.37259167    0.01781750    0.19766500    0.03692500    0.00254000    0.00000000   -0.00000000   -0.00000000   -0.00000000   -0.00000000   -0.00000000   -0.00000000   -0.00000000   -0.00000000    0.00000000   -0.00000000   -0.00000000   -0.00000000   -0.00000000    0.00000000   -0.00000000   -0.00000000   -0.00000000   -0.00000000   -0.00000000   -0.00000000    0.00000000   -0.00000000   -0.00000000    0.00000000    0.00000000    0.00000000   -0.00000000   -0.00000000    0.00000000    0.00000000    0.00000000   -0.00000000   -0.00000000   -0.00000000    0.00000000   -0.00000000   -0.00000000   -0.00000000    0.71682000   -0.00000000    0.00000000    0.00000000    0.00000000    0.00000000    0.00000000   -3.85086305    0.00000000
  20.00     573.57    1445.51   -0.00000000    0.00000000    0.00000000    0.00000000   -0.00000000   -0.00000000   -0.00000000   -0.00000000   -0.00000000    0.00000000   -0.00000000   -0.00000000    0.00000000    0.00000000   -0.00000000    0.00000000   -0.00000000   -0.00000000    0.00000000    0.00000000    0.35180500    0.18105333    0.37259167    0.01781750    0.19766500    0.03692500    0.00254000    0.00000000   -0.00000000   -0.00000000   -0.00000000   -0.00000000   -0.00000000   -0.00000000   -0.00000000   -0.00000000    0.00000000   -0.00000000   -0.00000000   -0.00000000   -0.00000000    0.00000000   -0.00000000   -0.00000000   -0.00000000   -0.00000000   -0.00000000   -0.00000000    0.00000000   -0.00000000   -0.00000000    0.00000000    0.00000000    0.00000000   -0.00000000   -0.00000000    0.00000000    0.00000000    0.00000000   -0.00000000   -0.00000000   -0.00000000    0.00000000   -0.00000000   -0.00000000   -0.00000000    0.71682000   -0.00000000    0.00000000    0.00000000    0.00000000    0.00000000    0.00000000   -3.71439854    0.00000000
  21.00     598.92    1452.89   -0.00000000   -0.00000000    0.00000000    0.00000000    0.00000000    0.00000000   -0.00000000   -0.00000000    0.00000000    0.00000000   -0.00000000   -0.00000000    0.00000000   -0.00000000   -0.00000000    0.00000000   -0.00000000   -0.00000000    0.00000000    0.00000000    0.36521152    0.18105333    0.35918514    0.00776261    0.19766500    0.03692500    0.00254000    0.04021957    0.00000000   -0.00000000    0.00000000   -0.00000000    0.00000000   -0.00000000   -0.00000000   -0.00000000   -0.00000000    0.00000000    0.00000000   -0.00000000   -0.00000000   -0.00000000    0.00000000    0.00000000    0.00000000    0.00000000   -0.00000000   -0.00000000   -0.00000000    0.00000000    0.00000000    0.00000000   -0.00000000    0.00000000    0.00000000    0.00000000    0.00000000   -0.00000000    0.00000000    0.00000000   -0.00000000   -0.00000000    0.00000000    0.00000000   -0.00000000   -0.00000000    0.71682000   -0.00000000   -0.00000000    0.00000000   -0.00000000   -0.00000000   -0.00000000   -3.57855599    0.00000740
  22.00     624.04    1459.58   -0.00000000   -0.00000000    0.00000000    0.00000000    0.00000000    0.00000000   -0.00000000   -0.00000000    0.00000000    0.00000000   -0.00000000   -0.00000000    0.00000000   -0.00000000   -0.00000000    0.00000000   -0.00000000   -0.00000000    0.00000000    0.00000000    0.37215283    0.18105333    0.35224383    0.00255663    0.19766500    0.03692500    0.00254000    0.06104350    0.00000000   -0.00000000    0.00000000   -0.00000000    0.00000000   -0.00000000   -0.00000000   -0.00000000   -0.00000000    0.00000000    0.00000000   -0.00000000   -0.00000000   -0.00000000    0.00000000    0.00000000    0.00000000    0.00000000   -0.00000000   -0.00000000   -0.00000000    0.00000000    0.00000000    0.00000000   -0.00000000    0.00000000    0.00000000    0.00000000    0.00000000   -0.00000000    0.00000000    0.00000000   -0.00000000   -0.00000000    0.00000000    0.00000000   -0.00000000   -0.00000000    0.71682000   -0.00000000   -0.00000000    0.00000000   -0.00000000   -0.00000000   -0.00000000   -3.44338291    0.00021508
  23.00     649.12    1468.94    0.00000000   -0.00000000    0.00000000    0.00000000   -0.00000000   -0.00000000   -0.00000000   -0.00000000   -0.00000000    0.00000000    0.00000000   -0.00000000    0.00000000    0.00000000   -0.00000000   -0.00000000   -0.00000000    0.00000000    0.00000000    0.00000000    0.37766159    0.17676484    0.33525832    0.00093563    0.18528768    0.02431746    0.00214251    0.14982267    0.00000000    0.00000000    0.00000000    0.00000000   -0.00000000    0.00000000   -0.00000000   -0.00000000   -0.00000000    0.00000000   -0.00000000    0.00000000    0.00000000   -0.00000000   -0.00000000    0.00000000   -0.00000000   -0.00000000    0.00000000   -0.00000000   -0.00000000   -0.00000000   -0.00000000    0.00312999    0.00025793    0.02475465    0.01260754    0.00039749   -0.00000000   -0.00000000   -0.00000000    0.00000000    0.00000000    0.00000000    0.00000000    0.00000000   -0.00000000   -0.00000000    0.75796760   -0.00000000   -0.00000000    0.00000000    0.00000000    0.00000000    0.00000000   -3.30886626    0.00000004
  24.00     673.78    1483.34    0.00000000   -0.00000000    0.00000000    0.00000000   -0.00000000   -0.00000000   -0.00000000   -0.00000000   -0.00000000    0.00000000    0.00000000   -0.00000000    0.00000000    0.00000000   -0.00000000   -0.00000000   -0.00000000    0.00000000    0.00000000    0.00000000    0.38809913    0.17049563    0.27386370    0.00054846    0.14329413    0.00663437    0.00120322    0.38705579    0.00000000    0.00000000    0.00000000    0.00000000   -0.00000000    0.00000000   -0.00000000   -0.00000000   -0.00000000    0.00000000   -0.00000000    0.00000000    0.00000000   -0.00000000   -0.00000000    0.00000000   -0.00000000   -0.00000000    0.00000000   -0.00000000   -0.00000000   -0.00000000   -0.00000000    0.01723819    0.00138248    0.10874174    0.03029063    0.00133678   -0.00000000   -0.00000000   -0.00000000    0.00000000    0.00000000    0.00000000    0.00000000    0.00000000   -0.00000000   -0.00000000    0.87580982   -0.00000000   -0.00000000    0.00000000    0.00000000    0.00000000    0.00000000   -3.17587989    0.00000178
  25.00     696.50    1497.64   -0.00000000   -0.00000000    0.00000000    0.00000000   -0.00000000   -0.00000000    0.00000000   -0.00000000   -0.00000000    0.00000000    0.00000000   -0.00000000    0.00000000    0.00000000   -0.00000000   -0.00000000    0.00000000    0.00000000    0.00000000    0.00000000    0.39413656    0.16824169    0.20119450    0.00046042    0.10163624    0.00202978    0.00061681    0.61887716    0.00000000    0.00000000    0.00000000    0.00000000   -0.00000000    0.00000000   -0.00000000   -0.00000000   -0.00000000   -0.00000000   -0.00000000    0.00000000   -0.00000000   -0.00000000   -0.00000000    0.00000000   -0.00000000   -0.00000000    0.00000000   -0.00000000   -0.00000000   -0.00000000   -0.00000000    0.04230878    0.00353971    0.19205753    0.03489522    0.00192319   -0.00000000   -0.00000000   -0.00000000    0.00000000    0.00000000    0.00000000    0.00000000    0.00000000   -0.00000000   -0.00000000    0.99154442   -0.00000000   -0.00000000    0.00000000    0.00000000    0.00000000    0.00000000   -3.04462484    0.00173826
  26.00     719.22    1520.43   -0.00000000   -0.00000000    0.00000000    0.00000000    0.00000000    0.00000000   -0.00000000   -0.00000000   -0.00000000    0.00000000   -0.00000000   -0.00000000    0.00000000    0.00000000   -0.00000000    0.00000000   -0.00000000   -0.00000000    0.00000000    0.00000000    0.38179142    0.16582544    0.11812637    0.00070833    0.07423155    0.00137282    0.00042451    0.87005243    0.00000000   -0.00000000   -0.00000000   -0.00000000    0.00000000   -0.00000000    0.00000000   -0.00000000   -0.00000000    0.00000000    0.00000000    0.00000000   -0.00000000   -0.00000000    0.00000000    0.00000000    0.00000000   -0.00000000   -0.00000000   -0.00000000   -0.00000000    0.00000000    0.00000000    0.05137930    0.00497201    0.17419185    0.03555218    0.00211549    0.02738126    0.00257974    0.01423801    0.00000000    0.00000000   -0.00000000    0.00000000    0.00000000   -0.00000000   -0.00000000    1.11762788   -0.00000000   -0.00000000    0.00000000   -0.00000000   -0.00000000   -0.00000000   -2.91510038    0.00000100
  27.00     741.81    1557.12    0.00000000    0.00000000    0.00000000   -0.00000000   -0.00000000    0.00000000   -0.00000000    0.00000000    0.00000000   -0.00000000    0.00000000    0.00000000   -0.00000000   -0.00000000    0.00000000    0.00000000    0.00000000   -0.00000000   -0.00000000   -0.00000000    0.26941055    0.14230791    0.06668669    0.00075800    0.04151948    0.00074532    0.00034202    1.02625396    0.00000000    0.00000000    0.00000000   -0.00000000   -0.00000000   -0.00000000   -0.00000000    0.00000000    0.00000000    0.00000000    0.00000000    0.26192262    0.03555938    0.00847262   -0.00000000   -0.00000000    0.04199577    0.00019629    0.00000000   -0.00000000    0.00000000    0.00000000    0.00000000    0.04251826    0.00554434    0.10345063    0.02475748    0.00200169    0.08585911    0.01082400    0.03738577   -0.00000000   -0.00000000   -0.00000000   -0.00000000   -0.00000000    0.00000000    0.00000000    1.32602610    0.00000000    0.00000000   -0.00000000   -0.00000000    0.00957569   -0.00000000   -2.78726311    0.00633680
  28.00     764.39    1597.95    0.00000000    0.00000000    0.00000000   -0.00000000    0.00000000   -0.00000000    0.00000000    0.00000000   -0.00000000    0.00000000   -0.00000000    0.00000000    0.00000000    0.00000000    0.00000000    0.00000000    0.00000000    0.00000000   -0.00000000   -0.00000000   -0.00000000    0.00000000   -0.00000000   -0.00000000   -0.00000000   -0.00000000   -0.00000000    1.22855000   -0.00000000    0.00000000   -0.00000000    0.00000000   -0.00000000   -0.00000000    0.03597150    0.00570948    0.35821678    0.00051273    0.00045640    1.09528139    0.14905117    0.04846386    0.00000000    0.00000000    0.15518973    0.00027795    0.00000000    0.00000000   -0.00000000    0.00000000   -0.00000000    0.12358469    0.01530711    0.30240120    0.06006338    0.00180565    0.03766339    0.00464546    0.01687332   -0.00000000    0.00000000    0.00000000   -0.00000000    0.00000000   -0.00000000    0.00000000    1.70126646    0.00000000    0.00000000   -0.00000000   -0.00000000    0.10124598   -0.00000000   -2.66543860    0.00106276
  29.00     786.82    1602.83    0.00000000    0.00000000    0.00000000   -0.00000000    0.00000000   -0.00000000    0.00000000    0.00000000   -0.00000000    0.00000000   -0.00000000    0.00000000    0.00000000    0.00000000    0.00000000    0.00000000    0.00000000    0.00000000   -0.00000000   -0.00000000   -0.00000000    0.00000000   -0.00000000   -0.00000000   -0.00000000   -0.00000000   -0.00000000    1.22855000   -0.00000000    0.00000000   -0.00000000    0.00000000   -0.00000000   -0.00000000    0.03357222    0.00559081    0.36458081    0.00047108    0.00044064    1.10684068    0.15358585    0.05398253    0.00000000    0.00000000    0.15160702    0.00027412    0.00000000    0.00000000   -0.00000000    0.00000000   -0.00000000    0.13039741    0.01629543    0.32134955    0.06056206    0.00182524    0.02966722    0.00369543    0.01353927   -0.00000000    0.00000000    0.00000000   -0.00000000    0.00000000   -0.00000000    0.00000000    1.68769043    0.00000000    0.00000000   -0.00000000   -0.00000000    0.09991166   -0.00000000   -2.54438577    0.00245463
  30.00     809.20    1607.47   -0.00000000   -0.00000000   -0.00000000   -0.00000000    0.00000000    0.00000000    0.00000000    0.00000000   -0.00000000   -0.00000000    0.00000000   -0.00000000    0.00000000   -0.00000000    0.00000000   -0.00000000    0.00000000    0.00000000   -0.00000000   -0.00000000   -0.00000000   -0.00000000   -0.00000000   -0.00000000   -0.00000000    0.00000000    0.00000000    1.22855000    0.00000000   -0.00000000    0.00000000   -0.00000000    0.00000000    0.00000000    0.03147519    0.00549124    0.37096548    0.00043390    0.00042473    1.11837719    0.15810286    0.05997269    0.00000361    0.00000000    0.14776189    0.00026958    0.00000000   -0.00000000   -0.00000000    0.00000000    0.00000000    0.13775579    0.01735409    0.34176604    0.06117290    0.00184569    0.02125807    0.00266993    0.00987865    0.00000000   -0.00000000   -0.00000000   -0.00000000    0.00000000    0.00000000   -0.00000000    1.67383352   -0.00000000   -0.00000000   -0.00000000   -0.00000000    0.09856635   -0.00000000   -2.42370824    0.00058024
  31.00     831.57    1611.83   -0.00000000   -0.00000000   -0.00000000   -0.00000000    0.00000000    0.00000000    0.00000000    0.00000000   -0.00000000   -0.00000000    0.00000000   -0.00000000    0.00000000   -0.00000000    0.00000000   -0.00000000    0.00000000    0.00000000   -0.00000000   -0.00000000   -0.00000000   -0.00000000   -0.00000000   -0.00000000   -0.00000000    0.00000000    0.00000000    1.22855000    0.00000000   -0.00000000    0.00000000   -0.00000000    0.00000000    0.00000000    0.02961854    0.00540709    0.37742625    0.00040031    0.00040869    1.13007085    0.16265387    0.06651987    0.00000344    0.00000000    0.14362546    0.00026462    0.00000000   -0.00000000   -0.00000000    0.00000000    0.00000000    0.14581290    0.01849879    0.36401746    0.06190309    0.00186669    0.01230051    0.00155671    0.00581844    0.00000000   -0.00000000   -0.00000000   -0.00000000    0.00000000    0.00000000   -0.00000000    1.65952966   -0.00000000   -0.00000000   -0.00000000   -0.00000000    0.09719458   -0.00000000   -2.30340104    0.00000158
  32.00     853.94    1615.92    0.00000000    0.00000000    0.00000000   -0.00000000    0.00000000   -0.00000000    0.00000000    0.00000000   -0.00000000    0.00000000   -0.00000000    0.00000000    0.00000000    0.00000000    0.00000000    0.00000000    0.00000000    0.00000000   -0.00000000   -0.00000000   -0.00000000    0.00000000   -0.00000000   -0.00000000   -0.00000000   -0.00000000   -0.00000000    1.22855000   -0.00000000    0.00000000   -0.00000000    0.00000000   -0.00000000   -0.00000000    0.02794775    0.00533248    0.38390038    0.00036966    0.00039252    1.14195680    0.16720791    0.07364162    0.00000000    0.00000000    0.13923877    0.00025920    0.00000000    0.00000000   -0.00000000    0.00000000   -0.00000000    0.15457435    0.01973250    0.38812642    0.06274526    0.00188828    0.00280141    0.00035697    0.00134840   -0.00000000    0.00000000    0.00000000   -0.00000000    0.00000000   -0.00000000    0.00000000    1.64483506    0.00000000    0.00000000   -0.00000000   -0.00000000    0.09580930   -0.00000000   -2.18345953    0.00289255
  33.00     876.26    1621.22   -0.00000000   -0.00000000    0.00000000   -0.00000000    0.00000000    0.00000000    0.00000000   -0.00000000   -0.00000000   -0.00000000    0.00000000   -0.00000000    0.00000000    0.00000000    0.00000000   -0.00000000   -0.00000000    0.00000000    0.00000000   -0.00000000   -0.00000000   -0.00000000    0.00000000   -0.00000000   -0.00000000    0.00000000    0.00000000    1.22855000    0.00000000   -0.00000000    0.00000000   -0.00000000    0.00000000   -0.00000000    0.02576291    0.00524532    0.38108123    0.00034232    0.00038133    1.14723809    0.17389167    0.08089693    0.00000327    0.00000000    0.13622954    0.00026320    0.00000000   -0.00000000   -0.00000000    0.00000000    0.00000000    0.15707353    0.02061854    0.39533000    0.06219960    0.00189547    0.00000000   -0.00000000    0.00000000    0.00000000   -0.00000000   -0.00000000    0.00000000    0.00000000   -0.00000000   -0.00000000    1.63514201   -0.00000000   -0.00000000   -0.00000000   -0.00000000    0.09373496   -0.00000000   -2.06387760    0.00096823
  34.00     898.37    1626.97   -0.00000000   -0.00000000    0.00000000   -0.00000000    0.00000000    0.00000000    0.00000000   -0.00000000   -0.00000000   -0.00000000    0.00000000   -0.00000000    0.00000000    0.00000000    0.00000000   -0.00000000   -0.00000000    0.00000000    0.00000000   -0.00000000   -0.00000000   -0.00000000    0.00000000   -0.00000000   -0.00000000    0.00000000    0.00000000    1.22855000    0.00000000   -0.00000000    0.00000000   -0.00000000    0.00000000   -0.00000000    0.02352881    0.00515127    0.37419748    0.00031711    0.00037171    1.14967522    0.18155461    0.08855338    0.00000330    0.00000000    0.13362011    0.00027112    0.00000000   -0.00000000   -0.00000000    0.00000000    0.00000000    0.15686880    0.02135528    0.39533000    0.06112060    0.00189717    0.00000000   -0.00000000    0.00000000    0.00000000   -0.00000000   -0.00000000    0.00000000    0.00000000   -0.00000000   -0.00000000    1.62737009   -0.00000000   -0.00000000   -0.00000000   -0.00000000    0.09132608   -0.00000000   -1.94464588    0.00029748
  35.00     920.47    1632.57   -0.00000000   -0.00000000    0.00000000   -0.00000000    0.00000000    0.00000000    0.00000000   -0.00000000   -0.00000000   -0.00000000    0.00000000   -0.00000000    0.00000000    0.00000000    0.00000000   -0.00000000   -0.00000000    0.00000000    0.00000000   -0.00000000   -0.00000000   -0.00000000    0.00000000   -0.00000000   -0.00000000    0.00000000    0.00000000    1.22855000    0.00000000   -0.00000000    0.00000000   -0.00000000    0.00000000   -0.00000000    0.02149223    0.00505615    0.36682697    0.00029362    0.00036175    1.15196319    0.18948896    0.09686709    0.00000334    0.00000000    0.13074667    0.00027920    0.00000000   -0.00000000   -0.00000000    0.00000000    0.00000000    0.15661553    0.02210208    0.39533000    0.06006923    0.00189905    0.00000000   -0.00000000    0.00000000    0.00000000   -0.00000000   -0.00000000    0.00000000    0.00000000   -0.00000000   -0.00000000    1.61927947   -0.00000000   -0.00000000   -0.00000000   -0.00000000    0.08881453   -0.00000000   -1.82575987    0.00043594
  36.00     942.58    1638.04   -0.00000000   -0.00000000    0.00000000   -0.00000000    0.00000000    0.00000000    0.00000000   -0.00000000   -0.00000000   -0.00000000    0.00000000   -0.00000000    0.00000000    0.00000000    0.00000000   -0.00000000   -0.00000000    0.00000000    0.00000000   -0.00000000   -0.00000000   -0.00000000    0.00000000   -0.00000000   -0.00000000    0.00000000    0.00000000    1.22855000    0.00000000   -0.00000000    0.00000000   -0.00000000    0.00000000   -0.00000000    0.01962521    0.00495751    0.35891691    0.00027162    0.00035137    1.15413120    0.19771273    0.10589132    0.00000339    0.00000000    0.12761259    0.00028752    0.00000000   -0.00000000   -0.00000000    0.00000000    0.00000000    0.15631249    0.02285797    0.39533000    0.05904071    0.00190110    0.00000000   -0.00000000    0.00000000    0.00000000   -0.00000000   -0.00000000    0.00000000    0.00000000   -0.00000000   -0.00000000    1.61085335   -0.00000000   -0.00000000   -0.00000000   -0.00000000    0.08619702   -0.00000000   -1.70721548    0.00003849
  37.00     964.69    1643.37   -0.00000000   -0.00000000    0.00000000   -0.00000000    0.00000000    0.00000000    0.00000000   -0.00000000   -0.00000000   -0.00000000    0.00000000   -0.00000000    0.00000000    0.00000000    0.00000000   -0.00000000   -0.00000000    0.00000000    0.00000000   -0.00000000   -0.00000000   -0.00000000    0.00000000   -0.00000000   -0.00000000    0.00000000    0.00000000    1.22855000    0.00000000   -0.00000000    0.00000000   -0.00000000    0.00000000   -0.00000000    0.01790446    0.00485293    0.35041108    0.00025090    0.00034055    1.15620431    0.20624281    0.11568292    0.00000345    0.00000000    0.12422288    0.00029616    0.00000000   -0.00000000   -0.00000000    0.00000000    0.00000000    0.15595794    0.02362163    0.39533000    0.05803007    0.00190329    0.00000000   -0.00000000    0.00000000    0.00000000   -0.00000000   -0.00000000    0.00000000    0.00000000   -0.00000000   -0.00000000    1.60207549   -0.00000000   -0.00000000   -0.00000000   -0.00000000    0.08347086   -0.00000000   -1.58900881    0.00000007
  38.00     986.62    1648.56   -0.00000000   -0.00000000    0.00000000   -0.00000000    0.00000000    0.00000000    0.00000000   -0.00000000   -0.00000000   -0.00000000    0.00000000   -0.00000000    0.00000000    0.00000000    0.00000000   -0.00000000   -0.00000000    0.00000000    0.00000000   -0.00000000   -0.00000000   -0.00000000    0.00000000   -0.00000000   -0.00000000    0.00000000    0.00000000    1.22855000    0.00000000   -0.00000000    0.00000000   -0.00000000    0.00000000   -0.00000000    0.01631126    0.00474033    0.34125185    0.00023130    0.00032924    1.15820372    0.21509429    0.12630021    0.00000353    0.00000000    0.12058455    0.00030515    0.00000000   -0.00000000   -0.00000000    0.00000000    0.00000000    0.15554941    0.02439126    0.39533000    0.05703196    0.00190562    0.00000000   -0.00000000    0.00000000    0.00000000   -0.00000000   -0.00000000    0.00000000    0.00000000   -0.00000000   -0.00000000    1.59293041   -0.00000000   -0.00000000   -0.00000000   -0.00000000    0.08063406   -0.00000000   -1.47113613    0.00044747
  39.00    1008.48    1653.61   -0.00000000   -0.00000000    0.00000000   -0.00000000    0.00000000    0.00000000    0.00000000   -0.00000000   -0.00000000   -0.00000000    0.00000000   -0.00000000    0.00000000    0.00000000    0.00000000   -0.00000000   -0.00000000    0.00000000    0.00000000   -0.00000000   -0.00000000   -0.00000000    0.00000000   -0.00000000   -0.00000000    0.00000000    0.00000000    1.22855000    0.00000000   -0.00000000    0.00000000   -0.00000000    0.00000000   -0.00000000    0.01483041    0.00461771    0.33137987    0.00021268    0.00031739    1.16014711    0.22427973    0.13780233    0.00000361    0.00000000    0.11670762    0.00031453    0.00000000   -0.00000000   -0.00000000    0.00000000    0.00000000    0.15508440    0.02516460    0.39533000    0.05604066    0.00190808    0.00000000   -0.00000000    0.00000000    0.00000000   -0.00000000   -0.00000000    0.00000000    0.00000000   -0.00000000   -0.00000000    1.58340504   -0.00000000   -0.00000000   -0.00000000   -0.00000000    0.07768577   -0.00000000   -1.35359385    0.00132798
