Parameter set:  /home/bthyer/HeFESTo/HeFESTo_Parameters_010123  Date:  20260508  Time:  093524.163
                   P(GPa)           depth_PREM(km)                     T(K)              rho(g/cm^3)                 VB(km/s)                 VS(km/s)                 VP(km/s)                VSQ(km/s)                VPQ(km/s)                  H(kJ/g)                 S(J/g/K)          alpha(1e5_K^-1)                cp(J/g/K)                  KS(GPa)                    Qs(-)                    Qp(-)            rho_0(g/cm^3)           dominant_phase
       0.0000000000000000      -0.0000000000000000    1244.5971281242534587       2.9320666221400122       5.2708329496786330       3.7548692813776263       6.8250148815575100       3.7541732192267023       6.8244525735329100     -12.1805680676600137       2.2000000000003981       2.0712300369795384       1.1804857127411084      64.5260959396298546      63.8901500073606243   14024.0564721245118562       3.0051698076880116  plg  
       1.0000000000000000      36.2822838844199325    1257.0745536530871505       3.1376292519426374       5.5418298229898424       4.0427313109131005       7.2460302318683958       4.0419268656133838       7.2453894071373099     -11.8466624520506691       2.2000000002225493       5.8929541954091960       1.2277426623060119      53.3180970414899065      50.2800893094041399   13064.8734759872186260       3.1812307219302358  plg  
       2.0000000000000000      66.3447633539767878    1288.4958431902464326       3.4161922033898224       5.6235510357925911       4.5494111848949270       7.6997239756557683       4.5483335591729865       7.6989133779009000     -11.5422652182511065       2.2000000005466553       8.5355314730157428       1.3218130332842877      58.5804051803605006      52.2208317402894622   10975.2416348874812684       3.4616230426725165  cpx  
       3.0000000000000000      96.4148907613199242    1310.9542740755921386       3.4935259384427506       6.3397909489043602       4.6811063983233838       8.3312640912117715       4.6724433967380810       8.3244116035125586     -11.2517144584821391       2.2000000001392825       4.0342177171938873       1.2477678422608502      81.9126078965581996      78.7551458365859531    1404.7756388130510459       3.5057018037351027  gt   
       4.0000000000000000     126.4762472376341265    1323.5051663771773747       3.5301721240270374       6.4624162567272849       4.7338716528884675       8.4641730640953092       4.7230748682934793       8.4555932085775893     -10.9670452963466794       2.1999999986274328       3.9032712854532510       1.2059441161723388     111.7298256253106530     106.1141443902593551    1139.8531156848634964       3.5189212059005985  gt   
       5.0000000000000000     156.5418283156611778    1334.4755181465138776       3.5594877119294055       6.5513605729938877       4.7686597247129541       8.5580670087852972       4.7575698042890240       8.5492214502529915     -10.6849676105590987       2.2000000000005984       3.1757160943249763       1.1937398073448360     129.4644071409096284     124.3647106807372325    1117.8788836243845708       3.5253086648481742  gt   
       6.0000000000000000     186.6053956905251709    1343.7228849095208716       3.5858453141573063       6.6280374518407736       4.7954852561562689       8.6367337964816695       4.7847028197802528       8.6281029903812776     -10.4050753651842633       2.2000000000511362       2.7286587513466758       1.1860480854514954     140.8333007686256622     136.3171324755175249    1156.2253968145942054       3.5289597716114991  gt   
       7.0000000000000000     216.6689630653891925    1351.8638208606894295       3.6107576341075496       6.6985091416449567       4.8183885535904141       8.7078082553555092       4.8094276569532592       8.7006108495705163     -10.1271708703364141       2.2000000000018818       2.4331935738462338       1.1814401241920434     147.4594912184034285     143.4896821696600568    1397.9035226712728672       3.5314816485152796  gt   
       8.0000000000000000     246.0016893336489829    1359.2141796735106709       3.6350094104827746       6.7658516242899065       4.8393878786551436       8.7751402251097304       4.8333405615468790       8.7702666927134558      -9.8511485472094105       2.2000000000001512       2.2104767816328796       1.1787187924892439     150.8731883683251169     147.4254942713643288    2080.4368532120424788       3.5337384474829827  gt   
       9.0000000000000000     275.1503526692450237    1389.3894533018885795       3.7522353520834075       6.9901472941599625       5.0624309545142454       9.1122646801188196       5.0558069837945823       9.1069655681157116      -9.5782516378833922       2.2000000000240134       2.1877710000587487       1.1831656132425801     159.5974716505928939     155.8711205272232405    1986.8613317062984152       3.6482233665287782  gt   
      10.0000000000000000     304.1265372092765915    1395.9275949195844078       3.7759450440835041       7.0578910052794743       5.0877735584598947       9.1830287363381409       5.0814960349785432       9.1779929882421385      -9.3125789480624146       2.2000000000001965       1.9912352596696739       1.1820332740698996     157.4298615738740068     154.4152594382105406    2107.0084469372159219       3.6518948522105172  gt   
      11.0000000000000000     332.8890032689580494    1401.8333948018914725       3.8003907299275315       7.1271392957824231       5.1141857108716753       9.2557866680538634       5.1081204198645800       9.2509079472377618      -9.0485914493575219       2.1999999999835973       1.7849337569364021       1.1813194011177459     151.9041871490491928     149.6428221995484762    2192.0562804967007651       3.6570021414849982  gt   
      12.0000000000000000     361.5374934132703970    1407.0451901849228307       3.8262738273816450       7.1999338732423599       5.1428500432393331       9.3329814921796554       5.1368615767015156       9.3281514641347574      -8.7863406657883125       2.1999999999891715       1.5507478593413424       1.1808174854242190     142.0294300766107654     140.5345952906203593    2232.6213974412212337       3.6644812395057786  gt   
      13.0000000000000000     389.9860879830318368    1411.4374193657001797       3.8548161760552260       7.2797898808593544       5.1757692305486174       9.4187980889123377       5.1697546603134237       9.4139335389841836      -8.5259382661499377       2.1999999999349815       1.2625410125977388       1.1803826103048491     126.2422497422007694     125.4591211017478685    2237.1605497196160286       3.6759993879880306  gt   
      14.0000000000000000     417.2975280626570793    1414.7724175393748283       3.8885684731714929       7.3741033294762808       5.2171296635134770       9.5220261830920805       5.2118859450395369       9.5177726032438166      -8.2676090732842535       2.2000000000064488       0.8687679183483917       1.1798844789725427     102.5220395032383323     102.2779976302938110    2586.5394821572281217       3.6950862516380809  gt   
      15.0000000000000000     443.9912539515815979    1416.5917430458769104       3.9341315780102866       7.5024800458321206       5.2779847270779481       9.6659418510753667       5.2727578099878309       9.6616874430207780      -8.0118391559081097       2.2000000000000295       0.2886832686940422       1.1783702679683097      70.1285266355970123      70.1160047666609643    2625.1212435605543760       3.7309940125902967  gt   
      16.0000000000000000     470.3279218407413964    1421.0198337803133199       3.9672137399063043       7.5978959191640074       5.3171607325830248       9.7685586734103342       5.3118928947018365       9.7642573649980324      -7.7590261077277933       2.2000000001175826       2.0634201499847387       1.1639738452191870     227.5724865232845957     220.9833874983843600    2624.0628721885182131       3.7517668757307074  gt   
      17.0000000000000000     496.5608685340535544    1427.3108362791654145       3.9845295853964098       7.6483298051900839       5.3292146141962871       9.8165563145533810       5.3238770516956562       9.8121865663998875      -7.5075097624568432       2.2000000000000113       2.0241685975147790       1.1632954190779634     231.6538361544560019     225.0755513163265675    2595.6557016298479539       3.7517668757307074  gt   
      18.0000000000000000     522.4035825745869488    1433.4873996644525960       4.0016172104719985       7.6979655696922471       5.3409403189058464       9.8637380554555190       5.3355438275731313       9.8593085751895710      -7.2570768879525707       2.2000000000000202       1.9865582217603608       1.1626456621917451     235.7189117141727479     229.1509641945260398    2572.9603273201573757       3.7517668757307074  gt   
      19.0000000000000000     548.1874183017786208    1439.5539939740433510       4.0184846258678384       7.7468341560069245       5.3523482843558225       9.9101337088190604       5.3473925164705616       9.9060555551428209      -7.0077042491947061       2.1999999999999966       1.9504845226588683       1.1620227313752636     239.7683045418060885     233.2102437814282325    2807.7617762920963287       3.7517668757307074  gt   
      20.0000000000000000     573.5701416149501028    1445.5148215751737553       4.0351393880179831       7.7949646145654867       5.3634482181024019       9.9557712290675493       5.3585014874526671       9.9516902293758172      -6.7593695618212335       2.1999999999999962       1.9158518557143662       1.1614249409171762     243.8025704443161317     237.2539702525243115    2818.7248034381609614       3.7517668757307074  gt   
      21.0000000000000000     598.9225348911654692    1452.8857792849814814       4.0558711142551465       7.8469168170499533       5.3760371853590385      10.0055123445079595       5.3709959365219078      10.0013423768671927      -6.5121662073538946       2.2000000000454576       2.3512247437588805       1.1693821807712366     203.4508789387705860     196.6746646537444576    2772.3686412684933202       3.7570744042477568  gt   
      22.0000000000000000     624.0422684573860579    1459.5830618028639947       4.0743117617357152       7.8958926734121402       5.3875973728925128      10.0522238184502726       5.3824953357769099      10.0479929637283494      -6.2661813983755215       2.1999999998607396       2.0486418806876783       1.1649056353020697     234.9109206381438071     227.9981764617066062    2745.2276691031315750       3.7598283136077377  gt   
      23.0000000000000000     649.1202584270736224    1468.9437970280275749       4.1048488051526215       7.9533699376334797       5.4179006918586214      10.1190331722604085       5.4154360757969959      10.1169873177985750      -6.0213894021583361       2.2000000000000610       5.0244507853434550       1.1991669216612382      74.1130608409329312      70.1938435655992095    5714.8997248789510195       3.7776661518690693  gt   
      24.0000000000000000     673.7848295714263713    1483.3357854011640029       4.1596324551694135       8.0337689164707431       5.4748784822432803      10.2229118124328728       5.4722520480183166      10.2207321755859315      -5.7793793617702933       2.2000000000001672       4.7904280039591285       1.1989248833149717      75.8003651444206810      72.0715052365745947    5419.1953149593991839       3.8258878604346540  gt   
      25.0000000000000000     696.5029932691801378    1497.6414953120852260       4.2132916451739781       8.1158573501109430       5.5259809071941346      10.3239256834568280       5.5232596602528332      10.3216661388188999      -5.5405208194499265       2.1999999999778415       4.8277364711334725       1.2055320853289471      81.9060706079698093      77.5414672187359741    5279.2019381818045076       3.8735102800968506  gt   
      26.0000000000000000     719.2211569669339042    1520.4337803575610906       4.2701618535585419       8.2000318189378802       5.5812272364274635      10.4295391425596105       5.5782232427893534      10.4270442496778930      -5.3048119691476279       2.2000000000000162       7.7436952256335898       1.3545550174559866      90.5066832007519082      79.2069778198759735    4830.1158232011302971       3.9261400048298318  gt   
      27.0000000000000000     741.8115019772037613    1557.1185541467157236       4.3526945856439854       8.3229842332725532       5.7235466914025936      10.6279147922066777       5.7198956667316132      10.6249016815371675      -5.0721777186185735       2.1999999998778605      37.7593309691374373       2.0365856953368344      27.0684955188647081      16.1322471927777009    4075.4663447985017228       4.0143542643258714  gt   
      28.0000000000000000     764.3909884985396275    1597.9510227151147319       4.5324025398611392       8.6138221555998058       6.1618297159531945      11.1723995566243133       6.1570973765119836      11.1685860005496451      -4.8504984573933809       2.1999999997771029       2.1997753104736972       1.5440996246156566     318.7247762258023158     307.8825800435562883    3385.0154308256073818       4.2393403064497175  pv   
      29.0000000000000000     786.8246908174895680    1602.8292323656528424       4.5465726648981164       8.6503191592790003       6.1773146470265559      11.2119282396339699       6.1726740729668998      11.2081848091183147      -4.6302095402938770       2.2000000273385858       2.1233513514265483       1.5735547997452641     322.0982644641285333     311.9489460187776331    3460.6275724306947268       4.2401629778379153  pv   
      30.0000000000000000     809.1980637179908626    1607.4669452130606260       4.5606366960256857       8.6864506355535660       6.1925789697846501      11.2510207949869638       6.1879537290031816      11.2472859532626615      -4.4106036933638268       2.1999999991860397       2.0476294216938600       1.6058729790312760     325.3410366054175711     315.8835874907744596    3480.6796648066588205       4.2409993897558653  pv   
      31.0000000000000000     831.5714366184921573    1611.8294605027435864       4.5746087049009185       8.7222514570220735       6.2076569870699352      11.2897291394792170       6.2030517077931515      11.2860066861173731      -4.1916717110359532       2.1999999999996449       1.9712722163263796       1.6416471799406935     328.4685513140890407     319.7100735912027289    3504.2782881848174839       4.2418646032000824  pv   
      32.0000000000000000     853.9448095189934520    1615.9217612333677607       4.5884928561383660       8.7577237101642869       6.2225643363215823      11.3280661510307539       6.2179834349090992      11.3243597295172496      -3.9734051905722789       2.2000000001105011       1.8938738171663074       1.6808157449543970     331.5038268215875519     323.4459159398269321    3531.3868783489492671       4.2427621657046704  pv   
      33.0000000000000000     876.2555094205630439    1621.2247351485393665       4.6021032220026017       8.7915617876825074       6.2355315849974451      11.3637268672843632       6.2309461677433182      11.3600128523478556      -3.7557929394944800       2.2000000006619063       2.0876949564835918       1.2655024301815174     341.1952601789816413     327.6325045272114949    3535.2609103155446064       4.2433778025484239  pv   
      34.0000000000000000     898.3652196135287795    1626.9679372764933305       4.6155476570138259       8.8245434132710372       6.2474852227307123      11.3979923037772135       6.2428832693774767      11.3942608091903690      -3.5388179642666073       2.2000000000384090       2.0414864412606293       1.2681294848499129     344.4051718724568900     331.1911932855047667    3529.3105470591626727       4.2438715978167494  pv   
      35.0000000000000000     920.4749298064945151    1632.5738604340590427       4.6289081361999855       8.8572025931523157       6.2590938822923965      11.4317652375467027       6.2544774762544879      11.4280178956925749      -3.3224721027985518       2.2000000000013533       1.9952674606116814       1.2709430165271072     347.5131364990381257     334.6646633264091406    3524.7986542907797229       4.2443708749873181  pv   
      36.0000000000000000     942.5846399994602507    1638.0415799039685680       4.6421896742755804       8.8895478431343218       6.2703572588254373      11.4650522484173862       6.2657285181442557      11.4612907222704656      -3.1067479284135961       2.2000000000158781       1.9489130884414652       1.2739286732760007     350.5233536324897727     338.0567419523740114    3521.7318395100928683       4.2448791061500764  pv   
      37.0000000000000000     964.6943501924259863    1643.3700288705792900       4.6553970445818322       8.9215871337933379       6.2812739207606061      11.4978586960721749       6.2766349987995094      11.4940846796768703      -2.8916383376789949       2.2000000000001347       1.9023425070665885       1.2770678247051290     353.4392616797554751     341.3699587516474026    3520.1203755800020190       4.2453995379534284  pv   
      38.0000000000000000     986.6227124245673394    1648.5581645908441715       4.6685347115134936       8.9533280192184552       6.2918413717519712      11.5301888683789855       6.2871953299389407      11.5264047975885067      -2.6771365298717464       2.1999999999999331       1.8555240842601379       1.2803357156627351     356.2641401219199224     344.6060340746770976    3520.6390310762431000       4.2459351283176607  pv   
