     Pi      depth         Ti     an            ab            sp            hc            smag          picr          en            fs            mgts          odi           mgc2          fec2          di            he            cen           cats          jd            acm           wo            pwo           py            al            gr            mgmj          namj          andr          knor          capv          fo            fa            mgwa          fewa          mgri          feri          mgil          feil          co            hem           esk           mgpv          fepv          alpv          hepv          hlpv          fapv          crpv          mppv          fppv          appv          hppv          cppv          mgcf          fecf          nacf          hmag          crcf          mnal          fnal          nnal          pe            wu            wuls          anao          mag           qtz           coes          st            apbo          ky            neph          fea           feg           fee               Gibbs       Quality
   0.00      -0.00    1600.00    0.13023021    0.01903068    0.01166896    0.00418004    0.00430534    0.01906500    0.43822675    0.04883974    0.03203220    0.05858854    0.00000000   -0.00000000    0.08035726    0.00736573    0.02908042    0.01079826   -0.00000000    0.00293932   -0.00000000   -0.00000000   -0.00000000   -0.00000000   -0.00000000   -0.00000000    0.00000000   -0.00000000   -0.00000000   -0.00000000    1.87421185    0.22682970   -0.00000000   -0.00000000    0.00000000   -0.00000000   -0.00000000   -0.00000000    0.00000000    0.00000000   -0.00000000   -0.00000000    0.00000000   -0.00000000    0.00000000    0.00000000   -0.00000000   -0.00000000   -0.00000000    0.00000000   -0.00000000    0.00000000   -0.00000000    0.00000000   -0.00000000    0.00000000    0.00000000   -0.00000000    0.00000000   -0.00000000    0.00000000    0.00000000   -0.00000000    0.00000000    0.00000000    0.00000000   -0.00000000    0.00000000   -0.00000000    0.00000000   -0.00000000    0.00000000   -0.00000000   -0.00000000   -0.00000000   -6.01772236    0.00109586
  10.00     304.13    1732.66   -0.00000000   -0.00000000   -0.00000000    0.00000000    0.00000000   -0.00000000    0.23816565    0.02223256    0.00050870    0.01145687   -0.00000000    0.00000000    0.16900448    0.01194930    0.04154448    0.00028064    0.01620590    0.00109643   -0.00000000   -0.00000000    0.12861235    0.03459759    0.02632278    0.03099416    0.00233384    0.00522679    0.01906500   -0.00000000    1.78750859    0.20349141   -0.00000000   -0.00000000   -0.00000000   -0.00000000   -0.00000000   -0.00000000   -0.00000000   -0.00000000    0.00000000   -0.00000000    0.00000000   -0.00000000    0.00000000    0.00000000   -0.00000000    0.00000000    0.00000000   -0.00000000   -0.00000000    0.00000000    0.00000000   -0.00000000   -0.00000000   -0.00000000   -0.00000000   -0.00000000   -0.00000000   -0.00000000   -0.00000000    0.00000000   -0.00000000   -0.00000000   -0.00000000   -0.00000000   -0.00000000   -0.00000000    0.00000000    0.00000000   -0.00000000   -0.00000000    0.00000000    0.00000000    0.00000000   -4.51793708    0.00409480
  20.00     573.57    1870.03   -0.00000000   -0.00000000    0.00000000    0.00000000    0.00000000    0.00000000   -0.00000000   -0.00000000   -0.00000000   -0.00000000    0.00000000   -0.00000000   -0.00000000    0.00000000   -0.00000000    0.00000000    0.00000000    0.00000000   -0.00000000    0.00000000    0.07074125    0.03841644    0.08926731    0.26912500    0.01098500    0.00651269    0.01906500    0.00000000    0.00000000    0.00000000   -0.00000000    0.00000000    1.76392312    0.22486380   -0.00000000    0.00000000    0.00000000    0.00000000   -0.00000000    0.00000000   -0.00000000   -0.00000000    0.00000000    0.00000000   -0.00000000   -0.00000000    0.00000000   -0.00000000   -0.00000000    0.00000000   -0.00000000   -0.00000000    0.00000000   -0.00000000    0.00000000    0.00000000    0.00000000    0.00000000    0.00000000    0.00000000    0.00000000    0.00000000   -0.00000000    0.00000000   -0.00000000   -0.00000000   -0.00000000   -0.00000000   -0.00000000    0.00000000    0.00000000    0.00073769    0.00000000   -3.16206060    0.00006121
  30.00     809.20    1954.17   -0.00000000    0.00000000    0.00000000   -0.00000000    0.00000000   -0.00000000   -0.00000000   -0.00000000    0.00000000   -0.00000000    0.00000000    0.00000000   -0.00000000   -0.00000000    0.00000000   -0.00000000    0.00000000    0.00000000    0.00000000    0.00000000   -0.00000000   -0.00000000   -0.00000000   -0.00000000   -0.00000000    0.00000000   -0.00000000    0.28734000   -0.00000000   -0.00000000   -0.00000000   -0.00000000   -0.00000000   -0.00000000    0.00000000   -0.00000000    0.00000000    0.00000000   -0.00000000    3.34930596    0.15557404    0.12511064    0.00000000    0.00000000    0.12465871    0.01906500   -0.00000000   -0.00000000   -0.00000000    0.00000000   -0.00000000   -0.00000000   -0.00000000    0.00000000    0.00000000   -0.00000000   -0.00000000   -0.00000000    0.00000000    0.38386101    0.05821152    0.00204023    0.01098500    0.00023646   -0.00000000   -0.00000000   -0.00000000    0.00000000   -0.00000000   -0.00000000   -0.00000000    0.05679082   -0.00000000   -1.97081284    0.00001737
  40.00    1030.33    2036.07    0.00000000    0.00000000   -0.00000000    0.00000000   -0.00000000   -0.00000000    0.00000000    0.00000000   -0.00000000    0.00000000    0.00000000   -0.00000000    0.00000000    0.00000000   -0.00000000   -0.00000000    0.00000000    0.00000000   -0.00000000   -0.00000000    0.00000000    0.00000000    0.00000000    0.00000000    0.00000000   -0.00000000    0.00000000    0.28734000   -0.00000000    0.00000000    0.00000000   -0.00000000   -0.00000000    0.00000000   -0.00000000    0.00000000   -0.00000000   -0.00000000    0.00000000    3.33938141    0.16549859    0.13286319    0.00001427    0.00000000    0.10915361    0.01906500   -0.00000000    0.00000000    0.00000000    0.00000000   -0.00000000   -0.00000000   -0.00000000   -0.00000000   -0.00000000    0.00000000   -0.00000000   -0.00000000   -0.00000000    0.38634215    0.05958015    0.00411420    0.01098500    0.00011644   -0.00000000    0.00000000    0.00000000   -0.00000000    0.00000000   -0.00000000    0.00000000    0.04893252    0.00000000   -0.85073105    0.01161901
  50.00    1246.05    2111.29   -0.00000000    0.00000000   -0.00000000   -0.00000000   -0.00000000    0.00000000    0.00000000    0.00000000   -0.00000000   -0.00000000    0.00000000    0.00000000    0.00000000    0.00000000   -0.00000000   -0.00000000    0.00000000   -0.00000000    0.00000000   -0.00000000   -0.00000000    0.00000000   -0.00000000   -0.00000000    0.00000000   -0.00000000   -0.00000000    0.28734000   -0.00000000    0.00000000   -0.00000000   -0.00000000   -0.00000000    0.00000000    0.00000000    0.00000000   -0.00000000   -0.00000000   -0.00000000    3.33256225    0.17231775    0.14108896    0.00001424    0.00000288    0.09270208    0.01906500    0.00000000    0.00000000   -0.00000000   -0.00000000   -0.00000000   -0.00000000    0.00000000   -0.00000000   -0.00000000   -0.00000000   -0.00000000    0.00000000    0.00000000    0.38804694    0.06074497    0.00747150    0.01098500    0.00005673   -0.00000000    0.00000000   -0.00000000    0.00000000   -0.00000000    0.00000000    0.00000000    0.04064989    0.00000000    0.23841254    0.00012734
  60.00    1456.72    2181.29   -0.00000000    0.00000000   -0.00000000   -0.00000000   -0.00000000    0.00000000    0.00000000    0.00000000   -0.00000000   -0.00000000    0.00000000    0.00000000    0.00000000    0.00000000   -0.00000000   -0.00000000    0.00000000   -0.00000000    0.00000000   -0.00000000   -0.00000000    0.00000000   -0.00000000   -0.00000000    0.00000000   -0.00000000   -0.00000000    0.28734000   -0.00000000    0.00000000   -0.00000000   -0.00000000   -0.00000000    0.00000000    0.00000000    0.00000000   -0.00000000   -0.00000000   -0.00000000    3.32936416    0.17551584    0.14933041    0.00001329    0.00000656    0.07621918    0.01906500    0.00000000    0.00000000   -0.00000000   -0.00000000   -0.00000000   -0.00000000    0.00000000   -0.00000000   -0.00000000   -0.00000000   -0.00000000    0.00000000    0.00000000    0.38884646    0.06122934    0.01239638    0.01098500    0.00002699   -0.00000000    0.00000000   -0.00000000    0.00000000   -0.00000000    0.00000000    0.00000000    0.03238143    0.00000000    1.30013417    0.00000037
  70.00    1662.58    2248.08   -0.00000000   -0.00000000    0.00000000    0.00000000   -0.00000000   -0.00000000   -0.00000000   -0.00000000   -0.00000000   -0.00000000    0.00000000    0.00000000    0.00000000    0.00000000   -0.00000000   -0.00000000   -0.00000000   -0.00000000    0.00000000   -0.00000000   -0.00000000   -0.00000000   -0.00000000   -0.00000000    0.00000000   -0.00000000   -0.00000000    0.28734000   -0.00000000   -0.00000000    0.00000000   -0.00000000    0.00000000    0.00000000   -0.00000000   -0.00000000   -0.00000000   -0.00000000    0.00000000    3.33044505    0.17443495    0.15654318    0.00001207    0.00001355    0.06179364    0.01906500   -0.00000000   -0.00000000   -0.00000000   -0.00000000    0.00000000   -0.00000000   -0.00000000   -0.00000000   -0.00000000    0.00000000   -0.00000000   -0.00000000    0.00000000    0.38857624    0.06040577    0.01890965    0.01098500    0.00001276   -0.00000000   -0.00000000   -0.00000000    0.00000000   -0.00000000    0.00000000    0.00000000    0.00000000    0.02516020    2.33721519    0.00553297
  80.00    1863.69    2310.79   -0.00000000   -0.00000000    0.00000000   -0.00000000    0.00000000    0.00000000    0.00000000   -0.00000000   -0.00000000   -0.00000000    0.00000000   -0.00000000   -0.00000000   -0.00000000   -0.00000000    0.00000000   -0.00000000    0.00000000   -0.00000000    0.00000000    0.00000000   -0.00000000   -0.00000000    0.00000000    0.00000000    0.00000000   -0.00000000    0.28734000    0.00000000   -0.00000000    0.00000000   -0.00000000    0.00000000   -0.00000000   -0.00000000   -0.00000000   -0.00000000    0.00000000   -0.00000000    3.33522805    0.16965195    0.16291233    0.00001057    0.00002554    0.04905533    0.01906500   -0.00000000   -0.00000000   -0.00000000    0.00000000   -0.00000000    0.00000000   -0.00000000   -0.00000000    0.00000000    0.00000000    0.00000000   -0.00000000    0.00000000    0.38738049    0.05841611    0.02687681    0.01098500    0.00000000   -0.00000000   -0.00000000   -0.00000000   -0.00000000   -0.00000000   -0.00000000   -0.00000000   -0.00000000    0.01878878    3.35198641    0.03127544
  90.00    2060.00    2370.91   -0.00000000   -0.00000000    0.00000000    0.00000000   -0.00000000   -0.00000000   -0.00000000   -0.00000000   -0.00000000   -0.00000000    0.00000000    0.00000000    0.00000000    0.00000000   -0.00000000   -0.00000000   -0.00000000   -0.00000000    0.00000000   -0.00000000   -0.00000000   -0.00000000   -0.00000000   -0.00000000    0.00000000   -0.00000000   -0.00000000    0.28734000    0.00000000   -0.00000000    0.00000000   -0.00000000    0.00000000    0.00000000   -0.00000000   -0.00000000   -0.00000000   -0.00000000    0.00000000    3.34284445    0.16203555    0.16857282    0.00000891    0.00004342    0.03773435    0.01906500   -0.00000000   -0.00000000   -0.00000000   -0.00000000    0.00000000   -0.00000000   -0.00000000   -0.00000000   -0.00000000    0.00000000   -0.00000000   -0.00000000    0.00000000    0.38547639    0.05544014    0.03598743    0.01098500    0.00000266   -0.00000000   -0.00000000   -0.00000000    0.00000000   -0.00000000    0.00000000    0.00000000    0.00000000    0.01314717    4.34639154    0.05383234
 100.00    2251.34    2428.86   -0.00000000   -0.00000000    0.00000000    0.00000000   -0.00000000   -0.00000000   -0.00000000   -0.00000000   -0.00000000   -0.00000000    0.00000000    0.00000000    0.00000000    0.00000000   -0.00000000   -0.00000000   -0.00000000   -0.00000000    0.00000000   -0.00000000   -0.00000000   -0.00000000   -0.00000000   -0.00000000    0.00000000   -0.00000000   -0.00000000    0.28734000    0.00000000   -0.00000000    0.00000000   -0.00000000    0.00000000    0.00000000   -0.00000000   -0.00000000   -0.00000000   -0.00000000    0.00000000    3.35279766    0.15208234    0.17335808    0.00000719    0.00006850    0.02816385    0.01906500   -0.00000000   -0.00000000   -0.00000000   -0.00000000    0.00000000   -0.00000000   -0.00000000   -0.00000000   -0.00000000    0.00000000   -0.00000000   -0.00000000    0.00000000    0.38298808    0.05170749    0.04578130    0.01098500    0.00000116   -0.00000000   -0.00000000   -0.00000000    0.00000000   -0.00000000    0.00000000    0.00000000    0.00000000    0.00838377    5.32207622    0.00078739
 110.00    2437.50    2484.91   -0.00000000   -0.00000000    0.00000000    0.00000000   -0.00000000   -0.00000000   -0.00000000   -0.00000000   -0.00000000   -0.00000000    0.00000000    0.00000000    0.00000000    0.00000000   -0.00000000   -0.00000000   -0.00000000   -0.00000000    0.00000000   -0.00000000   -0.00000000   -0.00000000   -0.00000000   -0.00000000    0.00000000   -0.00000000   -0.00000000    0.28734000    0.00000000   -0.00000000    0.00000000   -0.00000000    0.00000000    0.00000000   -0.00000000   -0.00000000   -0.00000000   -0.00000000    0.00000000    3.36436852    0.14051148    0.17721274    0.00000566    0.00010085    0.02045452    0.01906500   -0.00000000   -0.00000000   -0.00000000   -0.00000000    0.00000000   -0.00000000   -0.00000000   -0.00000000   -0.00000000    0.00000000   -0.00000000   -0.00000000    0.00000000    0.38009537    0.04746043    0.05578962    0.01098500    0.00000050   -0.00000000   -0.00000000   -0.00000000    0.00000000   -0.00000000    0.00000000    0.00000000    0.00000000    0.00455927    6.28046444    0.00188647
 120.00    2618.17    2539.20   -0.00000000   -0.00000000    0.00000000   -0.00000000    0.00000000    0.00000000    0.00000000   -0.00000000   -0.00000000   -0.00000000    0.00000000   -0.00000000   -0.00000000   -0.00000000   -0.00000000    0.00000000   -0.00000000    0.00000000   -0.00000000    0.00000000    0.00000000   -0.00000000   -0.00000000    0.00000000    0.00000000    0.00000000   -0.00000000    0.28734000    0.00000000   -0.00000000    0.00000000   -0.00000000    0.00000000   -0.00000000   -0.00000000   -0.00000000   -0.00000000    0.00000000   -0.00000000    3.37685664    0.12802336    0.18019025    0.00000435    0.00013989    0.01449949    0.01906500   -0.00000000   -0.00000000   -0.00000000    0.00000000   -0.00000000    0.00000000   -0.00000000   -0.00000000    0.00000000    0.00000000    0.00000000   -0.00000000    0.00000000    0.37697334    0.04296682    0.06561060    0.01098500    0.00000000   -0.00000000   -0.00000000   -0.00000000   -0.00000000   -0.00000000   -0.00000000   -0.00000000   -0.00000000    0.00161899    7.22280252    0.00091165
 130.00    2793.09    2655.03   -0.00000000   -0.00000000    0.00000000    0.00000000   -0.00000000   -0.00000000    0.00000000   -0.00000000    0.00000000   -0.00000000   -0.00000000   -0.00000000   -0.00000000   -0.00000000    0.00000000    0.00000000   -0.00000000   -0.00000000   -0.00000000    0.00000000   -0.00000000   -0.00000000   -0.00000000   -0.00000000   -0.00000000   -0.00000000   -0.00000000    0.28734000   -0.00000000   -0.00000000    0.00000000    0.00000000    0.00000000   -0.00000000   -0.00000000   -0.00000000    0.00000000    0.00000000    0.00000000    0.00000000    0.00000000    0.00000000   -0.00000000   -0.00000000   -0.00000000    0.00000000    3.27492023    0.22995977    0.18744000    0.00577500    0.01906500    0.00000000    0.00000000   -0.00000000   -0.00000000   -0.00000000    0.00000000    0.00000000   -0.00000000    0.40245744    0.02736657    0.05694099    0.01098500   -0.00000000   -0.00000000    0.00000000   -0.00000000   -0.00000000   -0.00000000   -0.00000000    0.00000000    0.00000000    0.00000000    8.14237836    0.00085905
 140.00    2962.47    2704.55   -0.00000000   -0.00000000    0.00000000    0.00000000   -0.00000000   -0.00000000    0.00000000   -0.00000000    0.00000000   -0.00000000   -0.00000000   -0.00000000   -0.00000000   -0.00000000    0.00000000    0.00000000   -0.00000000   -0.00000000   -0.00000000    0.00000000   -0.00000000   -0.00000000   -0.00000000   -0.00000000   -0.00000000   -0.00000000   -0.00000000    0.28734000   -0.00000000   -0.00000000    0.00000000    0.00000000    0.00000000   -0.00000000   -0.00000000   -0.00000000    0.00000000    0.00000000    0.00000000    0.00000000    0.00000000    0.00000000   -0.00000000   -0.00000000   -0.00000000    0.00000000    3.29746028    0.20741972    0.18744000    0.00577500    0.01906500    0.00000000    0.00000000   -0.00000000   -0.00000000   -0.00000000    0.00000000    0.00000000   -0.00000000    0.39682243    0.02497331    0.06496926    0.01098500   -0.00000000   -0.00000000    0.00000000   -0.00000000   -0.00000000   -0.00000000   -0.00000000    0.00000000    0.00000000    0.00000000    9.04257285    0.00001381
