   0.0000000000000000        1599.9999391166361             1617           3   1.0958632316434870E-003   1.0958632316434870E-003
   10.000000000000000        1732.6565765088390             2699           4   4.0948020935623920E-003   4.0948020935623920E-003
   20.000000000000000        1870.0286655907216             4526           7   6.1205936989413610E-005   4.0948020935623920E-003
   30.000000000000000        1954.1672608251179             4638          12   1.7366580305324880E-005   4.0948020935623920E-003
   40.000000000000000        2036.0737725631477             1507          12   1.1619010780295308E-002   1.1619010780295308E-002
   50.000000000000000        2111.2860012962306             1436          12   1.2734356103608530E-004   1.1619010780295308E-002
   60.000000000000000        2181.2941887256684             1166          12   3.7430526769219559E-007   1.1619010780295308E-002
   70.000000000000000        2248.0830227994429              496          13   5.5329737101006806E-003   1.1619010780295308E-002
   80.000000000000000        2310.7944684244512             1819          13   3.1275438577527757E-002   3.1275438577527757E-002
   90.000000000000000        2370.9076361383495              744          13   5.3832338340360511E-002   5.3832338340360511E-002
   100.00000000000000        2428.8624640347844             1463          13   7.8739246333900338E-004   5.3832338340360511E-002
   110.00000000000000        2484.9133730635981              765          13   1.8864672614826532E-003   5.3832338340360511E-002
   120.00000000000000        2539.1958122084366             1586          13   9.1165157611134047E-004   5.3832338340360511E-002
   130.00000000000000        2655.0308744676445             1693          14   8.5904706534622771E-004   5.3832338340360511E-002
   140.00000000000000        2704.5479330693670               54          14   1.3805338492201883E-005   5.3832338340360511E-002
