          Pi       depth          Ti    plg         sp          opx         c2c         cpx         wo          pwo         gt          cpv         ol          wa          ri          il          pv          ppv         cf          nal         mw          qtz         coes        st          apbo        ky          neph        fea         feg         fee     
         0.00000        -0.00000      1599.99994        -0.05588         0.00777         0.01517         0.00000         0.07081         0.00000         0.00000         0.00000         0.00000        -0.03787         0.00000         0.00000        -0.00000        -0.00000        -0.00000        -0.00000        -0.00000         0.00000         0.00000        -0.00000        -0.00000        -0.00000        -0.00000        -0.00000         0.00000        -0.00000        -0.00000
        10.00000       304.12654      1732.65658        -0.00000        -0.00000        -0.00879        -0.00000        -0.00322        -0.00000         0.00000         0.01201        -0.00000         0.00000         0.00000        -0.00000        -0.00000         0.00000        -0.00000         0.00000         0.00000        -0.00000         0.00000        -0.00000         0.00000        -0.00000        -0.00000         0.00000        -0.00000        -0.00000        -0.00000
        20.00000       573.57014      1870.02867        -0.00000        -0.00000        -0.00000         0.00000        -0.00000        -0.00000         0.00000        -0.00042         0.00000        -0.00000        -0.00000         0.00044         0.00000        -0.00000         0.00000         0.00000         0.00000        -0.00000         0.00000        -0.00000        -0.00000        -0.00000         0.00000         0.00000        -0.00000        -0.00002        -0.00000
        30.00000       809.19806      1954.16726         0.00000         0.00000        -0.00000        -0.00000        -0.00000        -0.00000         0.00000         0.00000        -0.00000        -0.00000         0.00000        -0.00000         0.00000        -0.00005         0.00000         0.00000        -0.00000         0.00006         0.00000         0.00000         0.00000         0.00000        -0.00000         0.00000         0.00000        -0.00001        -0.00000
        40.00000      1030.33473      2036.07377        -0.00000        -0.00000        -0.00000         0.00000         0.00000        -0.00000         0.00000         0.00000         0.00000        -0.00000         0.00000        -0.00000         0.00000        -0.00009        -0.00000        -0.00000         0.00000         0.00011         0.00000        -0.00000        -0.00000         0.00000        -0.00000         0.00000         0.00000        -0.00002         0.00000
        50.00000      1246.04810      2111.28600        -0.00000         0.00000        -0.00000         0.00000         0.00000         0.00000        -0.00000        -0.00000        -0.00000         0.00000        -0.00000        -0.00000        -0.00000        -0.00012        -0.00000         0.00000        -0.00000         0.00014        -0.00000        -0.00000         0.00000         0.00000         0.00000         0.00000         0.00000        -0.00002        -0.00000
        60.00000      1456.72297      2181.29419        -0.00000         0.00000        -0.00000         0.00000         0.00000         0.00000        -0.00000        -0.00000        -0.00000         0.00000        -0.00000        -0.00000        -0.00000        -0.00013        -0.00000         0.00000        -0.00000         0.00016        -0.00000         0.00000        -0.00000         0.00000         0.00000         0.00000         0.00000        -0.00003        -0.00000
        70.00000      1662.57955      2248.08302        -0.00000        -0.00000        -0.00000         0.00000        -0.00000        -0.00000        -0.00000         0.00000         0.00000         0.00000         0.00000         0.00000         0.00000        -0.00010        -0.00000        -0.00000         0.00000         0.00013         0.00000         0.00000         0.00000        -0.00000         0.00000         0.00000        -0.00000        -0.00000        -0.00002
        80.00000      1863.68911      2310.79447         0.00000         0.00000        -0.00000        -0.00000        -0.00000         0.00000         0.00000         0.00000        -0.00000         0.00000         0.00000        -0.00000         0.00000        -0.00010         0.00000        -0.00000         0.00000         0.00013         0.00000         0.00000        -0.00000         0.00000        -0.00000         0.00000         0.00000        -0.00000        -0.00002
        90.00000      2059.99719      2370.90764        -0.00000        -0.00000        -0.00000         0.00000        -0.00000        -0.00000        -0.00000         0.00000         0.00000         0.00000         0.00000         0.00000        -0.00000        -0.00010        -0.00000        -0.00000         0.00000         0.00012         0.00000         0.00000         0.00000         0.00000         0.00000         0.00000        -0.00000        -0.00000        -0.00002
       100.00000      2251.34406      2428.86246        -0.00000        -0.00000        -0.00000         0.00000         0.00000        -0.00000        -0.00000         0.00000         0.00000         0.00000         0.00000         0.00000        -0.00000        -0.00008        -0.00000        -0.00000         0.00000         0.00010        -0.00000         0.00000         0.00000         0.00000         0.00000         0.00000        -0.00000         0.00000        -0.00002
       110.00000      2437.49614      2484.91337        -0.00000        -0.00000        -0.00000         0.00000         0.00000        -0.00000        -0.00000         0.00000         0.00000         0.00000         0.00000         0.00000        -0.00000        -0.00007        -0.00000        -0.00000         0.00000         0.00008        -0.00000        -0.00000         0.00000         0.00000         0.00000         0.00000        -0.00000         0.00000        -0.00001
       120.00000      2618.17000      2539.19581        -0.00000         0.00000        -0.00000        -0.00000         0.00000        -0.00000         0.00000         0.00000        -0.00000        -0.00000         0.00000        -0.00000        -0.00000        -0.00005         0.00000        -0.00000         0.00000         0.00006         0.00000         0.00000        -0.00000         0.00000        -0.00000        -0.00000         0.00000        -0.00000        -0.00001
       130.00000      2793.08810      2655.03087         0.00000        -0.00000        -0.00000         0.00000        -0.00000        -0.00000         0.00000         0.00000        -0.00000        -0.00000         0.00000        -0.00000         0.00000         0.00000        -0.00000        -0.00000        -0.00000        -0.00000         0.00000         0.00000        -0.00000         0.00000         0.00000         0.00000         0.00000         0.00000         0.00000
       140.00000      2962.47378      2704.54793         0.00000        -0.00000        -0.00000         0.00000        -0.00000        -0.00000         0.00000         0.00000        -0.00000        -0.00000         0.00000        -0.00000         0.00000         0.00000        -0.00000        -0.00000        -0.00000        -0.00000         0.00000         0.00000        -0.00000         0.00000         0.00000         0.00000         0.00000         0.00000         0.00000
