   0.00    -0.00  1600.00       160.66694         1.00000         2.00000      4617.98975         0.98929         0.87116****************        -1.00000         0.98897       754.63571         0.16425         1.00000         0.00000        24.00450         1.30286       313.86448
  10.00   304.13  1732.66       143.75600         1.00000         2.00000      5134.56885         0.91651         1.01054****************        -1.00000         0.98886       821.05412         0.16088         1.00000         0.00000        24.00450         1.29141       366.41727
  20.00   573.57  1870.03       129.06071         1.00000         2.00000      5933.35843         0.95235         1.03101****************        -1.00000         0.98859       896.88207         0.19190         1.00000         0.00000        24.00450         1.28842       407.93374
  30.00   809.20  1954.17       113.69583         1.00000         2.00000      6946.14155         1.44929         1.02018****************        -1.00000         1.00813         0.00000         0.22655         1.00000         0.00000        23.54940         1.27999       444.76495
  40.00  1030.33  2036.07       110.39545         1.00000         2.00000      7115.75486         1.41219         0.99961****************        -1.00000         1.00829         0.00000         0.21727         1.00000         0.00000        23.54348         1.27435       476.68423
  50.00  1246.05  2111.29       107.49138         1.00000         2.00000      7265.18717         1.38043         0.97658****************        -1.00000         1.00846         0.00000         0.20890         1.00000         0.00000        23.53725         1.26975       505.17069
  60.00  1456.72  2181.29       104.89941         1.00000         2.00000      7398.90959         1.35271         0.95367****************        -1.00000         1.00863         0.00000         0.20121         1.00000         0.00000        23.53104         1.26591       530.99369
  70.00  1662.58  2248.08       102.55689         1.00000         2.00000      7520.35666         1.32880         0.93184     20124.12809        -0.99405         1.00881         0.00000         0.19410         1.00000         0.02516        23.52562         1.26276       554.65749
  80.00  1863.69  2310.79       100.42928         1.00000         2.00000      7631.96809         1.30749         0.91134     26948.37846        -0.99554         1.00894         0.00000         0.18744         1.00000         0.01879        23.52084         1.25996       576.58100
  90.00  2060.00  2370.91        98.47911         1.00000         2.00000      7735.05198         1.28892         0.89226     38512.25569        -0.99686         1.00907         0.00000         0.18116         1.00000         0.01315        23.51661         1.25754       597.02335
 100.00  2251.34  2428.86        96.68152         1.00000         2.00000      7831.04367         1.27277         0.87452     60393.69555        -0.99799         1.00919         0.00000         0.17520         1.00000         0.00838        23.51304         1.25545       616.20133
 110.00  2437.50  2484.91        95.01687         1.00000         2.00000      7920.91618         1.25866         0.85802    111054.32591        -0.99890         1.00930         0.00000         0.16952         1.00000         0.00456        23.51017         1.25361       634.28696
 120.00  2618.17  2539.20        93.46905         1.00000         2.00000      8005.39916         1.24625         0.84266    312742.48393        -0.99961         1.00939         0.00000         0.16408         1.00000         0.00162        23.50796         1.25198       651.41903
 130.00  2793.09  2655.03        90.71008         1.00000         2.00000      8222.20689         1.16434         0.82926****************        -1.00000         1.00936         0.00000         0.16809         1.00000         0.00000        23.50675         1.25732       666.63513
 140.00  2962.47  2704.55        89.34339         1.00000         2.00000      8324.97024         1.15097         0.81577****************        -1.00000         1.00938         0.00000         0.16484         1.00000         0.00000        23.50675         1.25565       682.24883
