Liquid Composition:
index Pressure Temperature mass SiO2 TiO2 Al2O3 Fe2O3 Cr2O3 FeO MnO MgO NiO CoO CaO Na2O K2O P2O5 H2O 
1 2000.00 1400.00 100.000000 48.5105 1.00648 17.5786 0.886345 0.0298955 7.56357 0 9.06831 0 0 12.4066 2.64077 0.0298955 0.0797214 0.199304
2 2000.00 1397.00 100.000000 48.5105 1.00648 17.5786 0.886345 0.0298955 7.56357 0 9.06831 0 0 12.4066 2.64077 0.0298955 0.0797214 0.199304
3 2000.00 1394.00 100.000000 48.5105 1.00648 17.5786 0.886345 0.0298955 7.56357 0 9.06831 0 0 12.4066 2.64077 0.0298955 0.0797214 0.199304
4 2000.00 1391.00 100.000000 48.5105 1.00648 17.5786 0.886345 0.0298955 7.56357 0 9.06831 0 0 12.4066 2.64077 0.0298955 0.0797214 0.199304
5 2000.00 1388.00 100.000000 48.5105 1.00648 17.5786 0.886345 0.0298955 7.56357 0 9.06831 0 0 12.4066 2.64077 0.0298955 0.0797214 0.199304
6 2000.00 1385.00 100.000000 48.5105 1.00648 17.5786 0.886345 0.0298955 7.56357 0 9.06831 0 0 12.4066 2.64077 0.0298955 0.0797214 0.199304
7 2000.00 1382.00 100.000000 48.5105 1.00648 17.5786 0.886345 0.0298955 7.56357 0 9.06831 0 0 12.4066 2.64077 0.0298955 0.0797214 0.199304
8 2000.00 1379.00 100.000000 48.5105 1.00648 17.5786 0.886345 0.0298955 7.56357 0 9.06831 0 0 12.4066 2.64077 0.0298955 0.0797214 0.199304
9 2000.00 1376.00 100.000000 48.5105 1.00648 17.5786 0.886345 0.0298955 7.56357 0 9.06831 0 0 12.4066 2.64077 0.0298955 0.0797214 0.199304
10 2000.00 1373.00 100.000000 48.5105 1.00648 17.5786 0.886345 0.0298955 7.56357 0 9.06831 0 0 12.4066 2.64077 0.0298955 0.0797214 0.199304
11 2000.00 1370.00 100.000000 48.5105 1.00648 17.5786 0.886345 0.0298955 7.56357 0 9.06831 0 0 12.4066 2.64077 0.0298955 0.0797214 0.199304
12 2000.00 1367.00 100.000000 48.5105 1.00648 17.5786 0.886345 0.0298955 7.56357 0 9.06831 0 0 12.4066 2.64077 0.0298955 0.0797214 0.199304
13 2000.00 1364.00 100.000000 48.5105 1.00648 17.5786 0.886345 0.0298955 7.56357 0 9.06831 0 0 12.4066 2.64077 0.0298955 0.0797214 0.199304
14 2000.00 1361.00 100.000000 48.5105 1.00648 17.5786 0.886345 0.0298955 7.56357 0 9.06831 0 0 12.4066 2.64077 0.0298955 0.0797214 0.199304
15 2000.00 1358.00 100.000000 48.5105 1.00648 17.5786 0.886345 0.0298955 7.56357 0 9.06831 0 0 12.4066 2.64077 0.0298955 0.0797214 0.199304
16 2000.00 1355.00 100.000000 48.5105 1.00648 17.5786 0.886345 0.0298955 7.56357 0 9.06831 0 0 12.4066 2.64077 0.0298955 0.0797214 0.199304
17 2000.00 1352.00 100.000000 48.5105 1.00648 17.5786 0.886345 0.0298955 7.56357 0 9.06831 0 0 12.4066 2.64077 0.0298955 0.0797214 0.199304
18 2000.00 1349.00 100.000000 48.5105 1.00648 17.5786 0.886345 0.0298955 7.56357 0 9.06831 0 0 12.4066 2.64077 0.0298955 0.0797214 0.199304
19 2000.00 1346.00 100.000000 48.5105 1.00648 17.5786 0.886345 0.0298955 7.56357 0 9.06831 0 0 12.4066 2.64077 0.0298955 0.0797214 0.199304
20 2000.00 1343.00 100.000000 48.5105 1.00648 17.5786 0.886345 0.0298955 7.56357 0 9.06831 0 0 12.4066 2.64077 0.0298955 0.0797214 0.199304
21 2000.00 1340.00 100.000000 48.5105 1.00648 17.5786 0.886345 0.0298955 7.56357 0 9.06831 0 0 12.4066 2.64077 0.0298955 0.0797214 0.199304
22 2000.00 1337.00 100.000000 48.5105 1.00648 17.5786 0.886345 0.0298955 7.56357 0 9.06831 0 0 12.4066 2.64077 0.0298955 0.0797214 0.199304
23 2000.00 1334.00 100.000000 48.5105 1.00648 17.5786 0.886345 0.0298955 7.56357 0 9.06831 0 0 12.4066 2.64077 0.0298955 0.0797214 0.199304
24 2000.00 1331.00 100.000000 48.5105 1.00648 17.5786 0.886345 0.0298955 7.56357 0 9.06831 0 0 12.4066 2.64077 0.0298955 0.0797214 0.199304
25 2000.00 1328.00 100.000000 48.5105 1.00648 17.5786 0.886345 0.0298955 7.56357 0 9.06831 0 0 12.4066 2.64077 0.0298955 0.0797214 0.199304
26 2000.00 1325.00 100.000000 48.5105 1.00648 17.5786 0.886345 0.0298955 7.56357 0 9.06831 0 0 12.4066 2.64077 0.0298955 0.0797214 0.199304
27 2000.00 1322.00 100.000000 48.5105 1.00648 17.5786 0.886345 0.0298955 7.56357 0 9.06831 0 0 12.4066 2.64077 0.0298955 0.0797214 0.199304
28 2000.00 1319.00 100.000000 48.5105 1.00648 17.5786 0.886345 0.0298955 7.56357 0 9.06831 0 0 12.4066 2.64077 0.0298955 0.0797214 0.199304
29 2000.00 1316.00 100.000000 48.5105 1.00648 17.5786 0.886345 0.0298955 7.56357 0 9.06831 0 0 12.4066 2.64077 0.0298955 0.0797214 0.199304
30 2000.00 1313.00 100.000000 48.5105 1.00648 17.5786 0.886345 0.0298955 7.56357 0 9.06831 0 0 12.4066 2.64077 0.0298955 0.0797214 0.199304
31 2000.00 1310.00 100.000000 48.5105 1.00648 17.5786 0.886345 0.0298955 7.56357 0 9.06831 0 0 12.4066 2.64077 0.0298955 0.0797214 0.199304
32 2000.00 1307.00 100.000000 48.5105 1.00648 17.5786 0.886345 0.0298955 7.56357 0 9.06831 0 0 12.4066 2.64077 0.0298955 0.0797214 0.199304
33 2000.00 1304.00 100.000000 48.5105 1.00648 17.5786 0.886345 0.0298955 7.56357 0 9.06831 0 0 12.4066 2.64077 0.0298955 0.0797214 0.199304
34 2000.00 1301.00 100.000000 48.5105 1.00648 17.5786 0.886345 0.0298955 7.56357 0 9.06831 0 0 12.4066 2.64077 0.0298955 0.0797214 0.199304
35 2000.00 1298.00 100.000000 48.5105 1.00648 17.5786 0.886345 0.0298955 7.56357 0 9.06831 0 0 12.4066 2.64077 0.0298955 0.0797214 0.199304
36 2000.00 1295.00 100.000000 48.5105 1.00648 17.5786 0.886345 0.0298955 7.56357 0 9.06831 0 0 12.4066 2.64077 0.0298955 0.0797214 0.199304
37 2000.00 1292.00 100.000000 48.5105 1.00648 17.5786 0.886345 0.0298955 7.56357 0 9.06831 0 0 12.4066 2.64077 0.0298955 0.0797214 0.199304
38 2000.00 1289.00 100.000000 48.5105 1.00648 17.5786 0.886345 0.0298955 7.56357 0 9.06831 0 0 12.4066 2.64077 0.0298955 0.0797214 0.199304
39 2000.00 1286.00 100.000000 48.5105 1.00648 17.5786 0.886345 0.0298955 7.56357 0 9.06831 0 0 12.4066 2.64077 0.0298955 0.0797214 0.199304
40 2000.00 1283.00 100.000000 48.5105 1.00648 17.5786 0.886345 0.0298955 7.56357 0 9.06831 0 0 12.4066 2.64077 0.0298955 0.0797214 0.199304
41 2000.00 1280.00 100.000000 48.5105 1.00648 17.5786 0.886345 0.0298955 7.56357 0 9.06831 0 0 12.4066 2.64077 0.0298955 0.0797214 0.199304
42 2000.00 1277.00 100.000000 48.5105 1.00648 17.5786 0.886345 0.0298955 7.56357 0 9.06831 0 0 12.4066 2.64077 0.0298955 0.0797214 0.199304
43 2000.00 1274.00 100.000000 48.5105 1.00648 17.5786 0.886345 0.0298955 7.56357 0 9.06831 0 0 12.4066 2.64077 0.0298955 0.0797214 0.199304
44 2000.00 1271.00 100.000000 48.5105 1.00648 17.5786 0.886345 0.0298955 7.56357 0 9.06831 0 0 12.4066 2.64077 0.0298955 0.0797214 0.199304
45 2000.00 1268.00 100.000000 48.5105 1.00648 17.5786 0.886345 0.0298955 7.56357 0 9.06831 0 0 12.4066 2.64077 0.0298955 0.0797214 0.199304
46 2000.00 1265.00 100.000000 48.5105 1.00648 17.5786 0.886345 0.0298955 7.56357 0 9.06831 0 0 12.4066 2.64077 0.0298955 0.0797214 0.199304
47 2000.00 1262.00 100.000000 48.5105 1.00648 17.5786 0.886345 0.0298955 7.56357 0 9.06831 0 0 12.4066 2.64077 0.0298955 0.0797214 0.199304
48 2000.00 1259.00 100.000000 48.5105 1.00648 17.5786 0.886345 0.0298955 7.56357 0 9.06831 0 0 12.4066 2.64077 0.0298955 0.0797214 0.199304
49 2000.00 1256.00 100.000000 48.5105 1.00648 17.5786 0.886345 0.0298955 7.56357 0 9.06831 0 0 12.4066 2.64077 0.0298955 0.0797214 0.199304
50 2000.00 1253.00 100.000000 48.5105 1.00648 17.5786 0.886345 0.0298955 7.56357 0 9.06831 0 0 12.4066 2.64077 0.0298955 0.0797214 0.199304
51 2000.00 1250.00 100.000000 48.5105 1.00648 17.5786 0.886345 0.0298955 7.56357 0 9.06831 0 0 12.4066 2.64077 0.0298955 0.0797214 0.199304
52 2000.00 1247.00 100.000000 48.5105 1.00648 17.5786 0.886345 0.0298955 7.56357 0 9.06831 0 0 12.4066 2.64077 0.0298955 0.0797214 0.199304
53 2000.00 1244.00 100.000000 48.5105 1.00648 17.5786 0.886345 0.0298955 7.56357 0 9.06831 0 0 12.4066 2.64077 0.0298955 0.0797214 0.199304
54 2000.00 1241.00 100.000000 48.5105 1.00648 17.5786 0.886345 0.0298955 7.56357 0 9.06831 0 0 12.4066 2.64077 0.0298955 0.0797214 0.199304
55 2000.00 1238.00 100.000000 48.5105 1.00648 17.5786 0.886345 0.0298955 7.56357 0 9.06831 0 0 12.4066 2.64077 0.0298955 0.0797214 0.199304
56 2000.00 1235.00 100.000000 48.5105 1.00648 17.5786 0.886345 0.0298955 7.56357 0 9.06831 0 0 12.4066 2.64077 0.0298955 0.0797214 0.199304
57 2000.00 1232.00 100.000000 48.5105 1.00648 17.5786 0.886345 0.0298955 7.56357 0 9.06831 0 0 12.4066 2.64077 0.0298955 0.0797214 0.199304
58 2000.00 1229.00 99.657040 48.5129 1.00995 17.5237 0.889396 0.0299984 7.5896 0 9.09952 0 0 12.3925 2.6425 0.0299892 0.0799958 0.199989
59 2000.00 1230.00 100.000000 48.5105 1.00648 17.5786 0.886345 0.0298955 7.56357 0 9.06831 0 0 12.4066 2.64077 0.0298955 0.0797214 0.199304
60 2000.00 1229.00 99.657040 48.5129 1.00995 17.5237 0.889396 0.0299984 7.5896 0 9.09952 0 0 12.3925 2.6425 0.0299892 0.0799958 0.199989
61 2000.00 1229.10 99.699876 48.5126 1.00951 17.5305 0.889014 0.0299855 7.58634 0 9.09561 0 0 12.3943 2.64229 0.0299774 0.0799614 0.199904
62 2000.00 1229.20 99.742743 48.5123 1.00908 17.5374 0.888631 0.0299726 7.58308 0 9.0917 0 0 12.3961 2.64207 0.0299657 0.079927 0.199818
63 2000.00 1229.30 99.785640 48.512 1.00865 17.5443 0.888249 0.0299598 7.57982 0 9.08779 0 0 12.3978 2.64186 0.029954 0.0798927 0.199732
64 2000.00 1229.40 99.828568 48.5117 1.00821 17.5512 0.887867 0.0299469 7.57656 0 9.08388 0 0 12.3996 2.64164 0.0299423 0.0798583 0.199646
65 2000.00 1229.50 99.871527 48.5114 1.00778 17.558 0.887486 0.029934 7.5733 0 9.07998 0 0 12.4014 2.64143 0.0299306 0.079824 0.19956
66 2000.00 1229.60 99.914517 48.5111 1.00734 17.5649 0.887104 0.0299211 7.57004 0 9.07607 0 0 12.4031 2.64121 0.0299188 0.0797896 0.199474
67 2000.00 1229.70 99.957538 48.5108 1.00691 17.5718 0.886722 0.0299082 7.56678 0 9.07216 0 0 12.4049 2.64099 0.0299071 0.0797553 0.199388
68 2000.00 1229.80 100.000000 48.5105 1.00648 17.5786 0.886345 0.0298955 7.56357 0 9.06831 0 0 12.4066 2.64077 0.0298955 0.0797214 0.199304
69 2000.00 1229.70 99.957538 48.5108 1.00691 17.5718 0.886722 0.0299082 7.56678 0 9.07216 0 0 12.4049 2.64099 0.0299071 0.0797553 0.199388
70 2000.00 1230.10 100.000000 48.5105 1.00648 17.5786 0.886345 0.0298955 7.56357 0 9.06831 0 0 12.4066 2.64077 0.0298955 0.0797214 0.199304
71 2000.00 1229.80 100.000000 48.5105 1.00648 17.5786 0.886345 0.0298955 7.56357 0 9.06831 0 0 12.4066 2.64077 0.0298955 0.0797214 0.199304
72 2000.00 1229.90 100.000000 48.5105 1.00648 17.5786 0.886345 0.0298955 7.56357 0 9.06831 0 0 12.4066 2.64077 0.0298955 0.0797214 0.199304
73 2000.00 1227.90 99.188218 48.5159 1.01472 17.4482 0.893599 0.0301402 7.62547 0 9.14253 0 0 12.3733 2.64475 0.0301179 0.0803739 0.200935
74 2000.00 1225.90 98.344775 48.5205 1.02342 17.3112 0.901263 0.0303987 7.69087 0 9.22094 0 0 12.3389 2.64847 0.0303516 0.0810632 0.202658
75 2000.00 1223.90 96.138447 48.5747 1.04691 17.1288 0.921947 0.0310963 7.79379 0 9.17532 0 0 12.3361 2.67004 0.0309958 0.0829236 0.207309
76 2000.00 1221.90 93.729349 48.6381 1.07382 16.9379 0.945643 0.0318956 7.90318 0 9.10279 0 0 12.3427 2.69446 0.0317308 0.0850549 0.212637
77 2000.00 1219.90 91.437947 48.6988 1.10073 16.7491 0.969341 0.0326949 8.01019 0 9.03224 0 0 12.3518 2.71742 0.0324608 0.0871864 0.217966
78 2000.00 1217.91 89.256004 48.7569 1.12764 16.5625 0.993037 0.0334941 8.11483 0 8.9636 0 0 12.3633 2.73898 0.0331857 0.0893177 0.223294
79 2000.00 1215.91 86.045833 48.7726 1.16542 16.4667 1.01389 0.0347437 8.28107 0 8.85465 0 0 12.2653 2.78703 0.0343403 0.0926499 0.231625
80 2000.00 1213.91 82.604710 48.769 1.20761 16.4069 1.03397 0.0361911 8.4695 0 8.73192 0 0 12.1269 2.84451 0.0356765 0.0965095 0.241274
81 2000.00 1211.91 79.378182 48.762 1.24993 16.3479 1.05446 0.0376622 8.65478 0 8.61217 0 0 11.9922 2.90038 0.0370253 0.100432 0.251081
82 2000.00 1209.91 76.345952 48.7516 1.29236 16.2896 1.07535 0.039158 8.83695 0 8.49528 0 0 11.8612 2.9547 0.0383869 0.104421 0.261053
83 2000.00 1207.91 73.489263 48.7384 1.33489 16.2321 1.09649 0.0404027 9.01602 0 8.38102 0 0 11.7337 3.00757 0.0397623 0.10848 0.271201
84 2000.00 1205.91 70.789378 48.7242 1.37751 16.1755 1.11746 0.0405076 9.19183 0 8.26886 0 0 11.6096 3.05923 0.041154 0.112618 0.281544
85 2000.00 1203.91 68.236518 48.7071 1.42021 16.1197 1.13877 0.0405776 9.36463 0 8.15923 0 0 11.4888 3.1095 0.0425603 0.116831 0.292078
86 2000.00 1201.91 65.818535 48.6873 1.46298 16.0648 1.16043 0.0406135 9.53443 0 8.05205 0 0 11.3711 3.15843 0.0439814 0.121123 0.302808
87 2000.00 1199.91 63.524686 48.6649 1.50578 16.0106 1.18241 0.0406162 9.70125 0 7.9472 0 0 11.2565 3.20606 0.0454177 0.125497 0.313742
88 2000.00 1197.91 61.345389 48.6401 1.54861 15.9574 1.20472 0.0405862 9.86508 0 7.84461 0 0 11.1448 3.25244 0.0468694 0.129955 0.324888
89 2000.00 1195.91 59.272062 48.613 1.59142 15.905 1.22733 0.0405241 10.0259 0 7.74419 0 0 11.0359 3.29761 0.048337 0.134501 0.336252
90 2000.00 1193.92 57.296996 48.5839 1.63418 15.8535 1.25024 0.0404301 10.1837 0 7.64583 0 0 10.9298 3.34162 0.0498207 0.139137 0.347843
91 2000.00 1191.92 55.413239 48.5529 1.67686 15.803 1.27342 0.0403045 10.3385 0 7.54947 0 0 10.8262 3.38452 0.0513207 0.143867 0.359668
92 2000.00 1189.92 53.614501 48.5203 1.71941 15.7534 1.29688 0.0401471 10.4902 0 7.45499 0 0 10.7251 3.42634 0.0528374 0.148694 0.371734
93 2000.00 1187.92 51.895072 48.4862 1.7618 15.7049 1.32059 0.039958 10.6387 0 7.36233 0 0 10.6263 3.46714 0.0543711 0.15362 0.384051
94 2000.00 1185.92 50.249757 48.4508 1.80396 15.6574 1.34453 0.0397367 10.7841 0 7.2714 0 0 10.5299 3.50697 0.0559222 0.15865 0.396626
95 2000.00 1183.92 48.673809 48.4144 1.84586 15.6111 1.36869 0.039483 10.9262 0 7.1821 0 0 10.4355 3.54586 0.0574909 0.163787 0.409468
96 2000.00 1181.92 47.162884 48.3772 1.88742 15.5658 1.39305 0.0391962 11.0651 0 7.09435 0 0 10.3433 3.58389 0.0590777 0.169034 0.422586
97 2000.00 1179.92 45.712989 48.3395 1.92858 15.5218 1.41758 0.0388755 11.2005 0 7.00807 0 0 10.2529 3.62108 0.060683 0.174396 0.435989
98 2000.00 1177.92 44.320451 48.3015 1.96928 15.479 1.44225 0.0385202 11.3325 0 6.92318 0 0 10.1645 3.65751 0.0623073 0.179875 0.449688
99 2000.00 1175.92 42.981878 48.2634 2.00944 15.4374 1.46705 0.0381292 11.4609 0 6.83958 0 0 10.0777 3.69322 0.063951 0.185477 0.463692
100 2000.00 1173.92 41.694130 48.2256 2.04899 15.3973 1.49194 0.0377012 11.5856 0 6.75719 0 0 9.9926 3.72827 0.0656149 0.191205 0.478013
101 2000.00 1171.93 40.454296 48.1883 2.08784 15.3585 1.51689 0.037235 11.7065 0 6.67594 0 0 9.90902 3.76272 0.0672995 0.197065 0.492663
102 2000.00 1169.93 39.259665 48.1519 2.12589 15.3211 1.54185 0.036729 11.8235 0 6.59572 0 0 9.82687 3.79662 0.0690056 0.203062 0.507655
103 2000.00 1167.93 38.107714 48.1167 2.16305 15.2853 1.56679 0.0361816 11.9364 0 6.51645 0 0 9.74607 3.83006 0.0707341 0.2092 0.523001
104 2000.00 1165.93 36.996081 48.0829 2.19921 15.2511 1.59166 0.0355911 12.0451 0 6.43806 0 0 9.66651 3.86309 0.0724859 0.215486 0.538715
105 2000.00 1163.93 35.922553 48.051 2.23427 15.2186 1.6164 0.0349555 12.1494 0 6.36044 0 0 9.5881 3.89579 0.0742622 0.221926 0.554815
106 2000.00 1161.93 34.885049 48.0213 2.2681 15.1879 1.64095 0.0342728 12.2491 0 6.2835 0 0 9.51074 3.92823 0.0760642 0.228526 0.571315
107 2000.00 1159.93 33.881604 47.9942 2.30057 15.159 1.66525 0.0335408 12.344 0 6.20716 0 0 9.43435 3.9605 0.0778933 0.235294 0.588235
108 2000.00 1157.93 32.910356 47.9701 2.33154 15.132 1.68922 0.0327573 12.4339 0 6.13131 0 0 9.35883 3.99269 0.0797512 0.242238 0.605595
109 2000.00 1155.93 31.969532 47.9496 2.36086 15.1071 1.71276 0.0319198 12.5185 0 6.05587 0 0 9.28409 4.02488 0.0816397 0.249367 0.623417
110 2000.00 1153.93 31.057432 47.933 2.38836 15.0843 1.73578 0.0310259 12.5976 0 5.98072 0 0 9.21005 4.05719 0.0835611 0.25669 0.641726
111 2000.00 1151.93 30.172416 47.9209 2.41386 15.0639 1.75815 0.030073 12.6708 0 5.90576 0 0 9.13661 4.08973 0.0855179 0.26422 0.660549
112 2000.00 1149.93 29.312891 47.9138 2.43718 15.0458 1.77975 0.0290587 12.7377 0 5.83088 0 0 9.0637 4.12263 0.0875131 0.271967 0.679918
113 2000.00 1147.94 28.477306 47.9124 2.45808 15.0304 1.80043 0.0279808 12.7981 0 5.75596 0 0 8.99122 4.15602 0.0895499 0.279947 0.699868
114 2000.00 1145.94 27.664148 47.9174 2.47634 15.0177 1.82 0.0268373 12.8514 0 5.68087 0 0 8.9191 4.19006 0.0916325 0.288176 0.72044
115 2000.00 1143.94 26.871954 47.9295 2.49169 15.008 1.83827 0.0256275 12.8971 0 5.60548 0 0 8.84725 4.22492 0.0937653 0.296671 0.741679
116 2000.00 1141.94 26.099344 47.9494 2.50389 15.0014 1.85503 0.0243521 12.9348 0 5.52968 0 0 8.7756 4.26079 0.0959532 0.305454 0.763634
117 2000.00 1139.94 25.345058 47.9779 2.51267 14.9982 1.87005 0.0230142 12.9638 0 5.45333 0 0 8.70408 4.29784 0.0982016 0.314544 0.786361
118 2000.00 1137.94 24.608002 48.0157 2.51779 14.9985 1.88311 0.0216203 12.9836 0 5.37635 0 0 8.63265 4.33626 0.100516 0.323965 0.809914
119 2000.00 1135.94 23.887272 48.0636 2.51904 15.0024 1.89399 0.0201804 12.9937 0 5.29864 0 0 8.56127 4.37622 0.102902 0.33374 0.83435
120 2000.00 1133.94 23.182159 48.122 2.51624 15.0102 1.90245 0.0187087 12.9935 0 5.22016 0 0 8.48993 4.41787 0.105365 0.343891 0.859728
121 2000.00 1131.94 22.492127 48.1915 2.50927 15.0219 1.90827 0.0172228 12.9825 0 5.14088 0 0 8.41866 4.46134 0.107911 0.354441 0.886104
122 2000.00 1129.94 21.816797 48.2724 2.49805 15.0376 1.91126 0.015743 12.9603 0 5.06081 0 0 8.3475 4.50676 0.110544 0.365413 0.913533
123 2000.00 1127.94 21.155933 48.365 2.48253 15.0574 1.9112 0.0142909 12.9267 0 4.97999 0 0 8.27652 4.55419 0.113269 0.376828 0.942069
124 2000.00 1125.95 20.509454 48.4695 2.46276 15.0812 1.90792 0.0128877 12.8812 0 4.8985 0 0 8.20582 4.60369 0.11609 0.388706 0.971764
125 2000.00 1123.95 19.877438 48.5856 2.43881 15.1088 1.90129 0.0115533 12.8239 0 4.81644 0 0 8.13552 4.65527 0.11901 0.401065 1.00266
126 2000.00 1121.95 19.260143 48.7131 2.41085 15.1403 1.89122 0.0103044 12.7549 0 4.73397 0 0 8.06577 4.70889 0.122031 0.413919 1.0348
127 2000.00 1119.95 18.658008 48.8513 2.37913 15.1752 1.87772 0.00915405 12.6743 0 4.6513 0 0 7.99673 4.76445 0.125154 0.427277 1.06819
128 2000.00 1117.95 18.071642 48.9995 2.34398 15.2134 1.86087 0.00811039 12.5828 0 4.56867 0 0 7.92859 4.82176 0.128376 0.441141 1.10285
129 2000.00 1115.95 17.501789 49.1564 2.30583 15.2543 1.84085 0.00717699 12.481 0 4.48635 0 0 7.86153 4.8806 0.131693 0.455504 1.13876
130 2000.00 1113.95 16.949268 49.3207 2.26515 15.2976 1.81796 0.00635288 12.3699 0 4.40465 0 0 7.79574 4.94066 0.135099 0.470353 1.17588
131 2000.00 1111.95 16.414893 49.4909 2.22246 15.3426 1.79255 0.00563331 12.2507 0 4.32387 0 0 7.73139 5.00159 0.138585 0.485665 1.21416
132 2000.00 1109.95 15.899394 49.6652 2.17832 15.3888 1.76504 0.00501069 12.1245 0 4.24431 0 0 7.66864 5.06301 0.142142 0.501412 1.25353
133 2000.00 1107.95 15.403339 49.8422 2.13322 15.4358 1.7359 0.00447563 11.9927 0 4.16624 0 0 7.6076 5.12455 0.145758 0.517559 1.2939
134 2000.00 1105.95 14.927082 50.0203 2.08767 15.4831 1.70555 0.00401792 11.8566 0 4.08989 0 0 7.54837 5.18582 0.149421 0.534072 1.33518
135 2000.00 1103.95 14.470739 50.1982 2.04207 15.5302 1.67443 0.00362739 11.7172 0 4.01544 0 0 7.49101 5.24651 0.153121 0.550915 1.37729
136 2000.00 1101.96 14.034191 50.3747 1.99678 15.5768 1.64292 0.0032944 11.5757 0 3.943 0 0 7.43555 5.30631 0.156847 0.568051 1.42013
137 2000.00 1099.96 13.617105 50.5488 1.95209 15.6225 1.61132 0.00301026 11.4329 0 3.87267 0 0 7.382 5.36499 0.16059 0.585451 1.46363
138 2000.00 1097.96 13.218973 50.7198 1.90822 15.6674 1.57991 0.00276729 11.2896 0 3.80449 0 0 7.33033 5.42235 0.164343 0.603083 1.50771
139 2000.00 1095.96 12.839152 50.8872 1.86531 15.711 1.5489 0.00255894 11.1465 0 3.73844 0 0 7.28052 5.47824 0.168097 0.620924 1.55231
140 2000.00 1093.96 12.476905 51.0506 1.82348 15.7534 1.51843 0.00237963 11.0039 0 3.67452 0 0 7.23253 5.53256 0.171849 0.638952 1.59738
141 2000.00 1091.96 12.131438 51.2097 1.78281 15.7946 1.48863 0.00222471 10.8623 0 3.61268 0 0 7.1863 5.58523 0.175591 0.657147 1.64287
142 2000.00 1089.96 11.801924 51.3642 1.74332 15.8344 1.45958 0.00209032 10.722 0 3.55286 0 0 7.14178 5.63621 0.179322 0.675495 1.68874
143 2000.00 1087.96 11.487533 51.5143 1.70504 15.8729 1.43132 0.00197325 10.5832 0 3.49499 0 0 7.09892 5.68547 0.183038 0.693982 1.73496
144 2000.00 1085.96 11.187442 51.6598 1.66795 15.91 1.4039 0.00187086 10.446 0 3.43899 0 0 7.05764 5.73301 0.186737 0.712597 1.78149
145 2000.00 1083.96 10.900854 51.8007 1.63205 15.9459 1.37731 0.00178093 10.3106 0 3.3848 0 0 7.0179 5.77883 0.190417 0.731332 1.82833
146 2000.00 1081.96 10.627000 51.9371 1.59729 15.9806 1.35157 0.00170167 10.1771 0 3.33232 0 0 6.97962 5.82295 0.194076 0.750178 1.87545
147 2000.00 1079.97 10.365149 52.0692 1.56366 16.014 1.32666 0.00163156 10.0455 0 3.28149 0 0 6.94277 5.8654 0.197714 0.769129 1.92282
148 2000.00 1077.97 10.114608 52.197 1.53111 16.0463 1.30257 0.00156934 9.9158 0 3.23223 0 0 6.90728 5.9062 0.201329 0.788181 1.97045
149 2000.00 1075.97 9.874722 52.3206 1.49961 16.0774 1.27927 0.00151396 9.78804 0 3.18447 0 0 6.8731 5.94539 0.204921 0.807328 2.01832
150 2000.00 1073.97 9.644878 52.4402 1.46911 16.1075 1.25674 0.00146454 9.66222 0 3.13813 0 0 6.84018 5.98301 0.208491 0.826567 2.06642
151 2000.00 1071.97 9.424498 52.5558 1.43957 16.1365 1.23496 0.00142033 9.53831 0 3.09314 0 0 6.80848 6.01908 0.212037 0.845896 2.11474
152 2000.00 1069.97 9.213045 52.6677 1.41096 16.1646 1.21389 0.0013807 9.41629 0 3.04946 0 0 6.77794 6.05366 0.215559 0.86531 2.16328
153 2000.00 1067.97 9.000432 52.7989 1.38244 16.2 1.19285 0.00134257 9.29762 0 3.00489 0 0 6.72899 6.09119 0.219215 0.86887 2.21366
154 2000.00 1065.97 8.788687 52.946 1.35418 16.2416 1.17198 0.00130633 9.18215 0 2.95984 0 0 6.66446 6.131 0.222978 0.85886 2.26569
155 2000.00 1063.97 8.586063 53.0885 1.32684 16.2819 1.15185 0.00127388 9.06857 0 2.91617 0 0 6.60166 6.16917 0.226707 0.849391 2.3179
156 2000.00 1061.97 8.391987 53.2268 1.30039 16.3211 1.13242 0.00124479 8.95684 0 2.87381 0 0 6.5405 6.20576 0.230404 0.84043 2.37029
157 2000.00 1059.97 8.205932 53.361 1.27477 16.3592 1.11365 0.00121869 8.84689 0 2.83268 0 0 6.48089 6.24082 0.234068 0.831949 2.42287
158 2000.00 1057.97 8.027413 53.4913 1.24995 16.3962 1.09552 0.00119523 8.73868 0 2.79272 0 0 6.42278 6.27439 0.237701 0.823921 2.47563
159 2000.00 1055.98 7.854864 53.6135 1.22513 16.4328 1.07838 0.00117485 8.63475 0 2.75341 0 0 6.36517 6.30937 0.241316 0.816055 2.52891
160 2000.00 1053.98 7.682435 53.7059 1.19652 16.4718 1.0641 0.00116063 8.5479 0 2.71234 0 0 6.30346 6.36029 0.244976 0.807024 2.58452
161 2000.00 1051.98 7.516557 53.7943 1.16873 16.51 1.05035 0.00114819 8.46232 0 2.67229 0 0 6.24308 6.41027 0.248606 0.798432 2.64044
162 2000.00 1049.98 7.356851 53.8789 1.14171 16.5475 1.03709 0.00113736 8.37798 0 2.63322 0 0 6.18398 6.45935 0.252206 0.790255 2.69668
163 2000.00 1047.98 7.202967 53.9597 1.11543 16.5844 1.0243 0.00112802 8.29483 0 2.59507 0 0 6.1261 6.50757 0.255777 0.782473 2.75324
164 2000.00 1045.98 7.054581 54.0369 1.08985 16.6205 1.01197 0.00112006 8.21287 0 2.55782 0 0 6.06939 6.55496 0.259318 0.775066 2.81015
165 2000.00 1043.98 6.911393 54.1107 1.06496 16.6561 1.00005 0.00111338 8.13204 0 2.52143 0 0 6.01382 6.60155 0.262831 0.768017 2.86739
166 2000.00 1041.98 6.773124 54.181 1.04071 16.6911 0.988543 0.00110788 8.05234 0 2.48585 0 0 5.95932 6.64739 0.266317 0.76131 2.92498
167 2000.00 1039.98 6.639514 54.2481 1.01709 16.7256 0.977419 0.00110349 7.97372 0 2.45105 0 0 5.90587 6.6925 0.269775 0.754929 2.98292
168 2000.00 1037.98 6.510323 54.3119 0.994067 16.7595 0.966662 0.00110015 7.89617 0 2.417 0 0 5.85343 6.7369 0.273207 0.74886 3.04122
169 2000.00 1035.98 6.385327 54.3725 0.971617 16.793 0.956255 0.00109779 7.81966 0 2.38368 0 0 5.80195 6.78064 0.276612 0.743091 3.09989
170 2000.00 1033.99 6.264314 54.4302 0.949719 16.8259 0.946183 0.00109636 7.74416 0 2.35105 0 0 5.7514 6.82374 0.279991 0.737609 3.15894
171 2000.00 1031.99 6.147090 54.4848 0.928353 16.8585 0.936429 0.00109581 7.66965 0 2.31909 0 0 5.70176 6.86621 0.283345 0.732403 3.21836
172 2000.00 1029.99 6.033470 54.5365 0.907499 16.8906 0.926981 0.00109611 7.59611 0 2.28778 0 0 5.65299 6.9081 0.286674 0.727463 3.27818
173 2000.00 1027.99 5.923285 54.5853 0.887138 16.9224 0.917825 0.00109722 7.52352 0 2.25708 0 0 5.60507 6.94941 0.289977 0.722779 3.33839
174 2000.00 1025.99 5.816372 54.6314 0.867252 16.9537 0.908948 0.00109911 7.45185 0 2.22698 0 0 5.55796 6.99018 0.293257 0.718343 3.399
175 2000.00 1023.99 5.712580 54.6747 0.847826 16.9848 0.900339 0.00110174 7.3811 0 2.19746 0 0 5.51164 7.03043 0.296512 0.714145 3.46003
176 2000.00 1021.99 5.611768 54.7153 0.828842 17.0154 0.891987 0.0011051 7.31123 0 2.16849 0 0 5.46609 7.07017 0.299743 0.710179 3.52147
177 2000.00 1019.99 5.513797 54.7532 0.810287 17.0458 0.88388 0.00110916 7.24223 0 2.14006 0 0 5.4213 7.10943 0.30295 0.706438 3.58335
178 2000.00 1017.99 5.418544 54.7885 0.792147 17.0758 0.87601 0.00111391 7.17409 0 2.11215 0 0 5.37723 7.14821 0.306134 0.702914 3.64567
179 2000.00 1015.99 5.325891 54.8213 0.774407 17.1055 0.868366 0.00111932 7.10678 0 2.08475 0 0 5.33387 7.18655 0.309295 0.699603 3.70843
180 2000.00 1013.99 5.235725 54.8515 0.757056 17.135 0.86094 0.00112538 7.04029 0 2.05783 0 0 5.2912 7.22446 0.312433 0.696498 3.77166
181 2000.00 1011.99 5.147943 54.8792 0.740081 17.1642 0.853723 0.00113208 6.97461 0 2.03138 0 0 5.2492 7.26195 0.315549 0.693593 3.83535
182 2000.00 1010.00 5.062444 54.9045 0.72347 17.1931 0.846706 0.00113941 6.90971 0 2.00539 0 0 5.20785 7.29905 0.318641 0.690885 3.89951
183 2000.00 1008.00 4.979136 54.9273 0.707213 17.2218 0.839883 0.00114735 6.84558 0 1.97985 0 0 5.16715 7.33577 0.321712 0.688368 3.96416
184 2000.00 1006.00 4.898050 54.9475 0.690812 17.2493 0.834072 0.00115849 6.78321 0 1.95463 0 0 5.12682 7.3725 0.324738 0.686002 4.0292
185 2000.00 1004.00 4.819525 54.9643 0.672493 17.2719 0.83231 0.00118251 6.72615 0 1.92937 0 0 5.08597 7.4107 0.327638 0.683649 4.09428
186 2000.00 1002.00 4.742878 54.9789 0.654649 17.2945 0.830549 0.00120682 6.66945 0 1.90455 0 0 5.04583 7.44852 0.330517 0.681487 4.15989
187 2000.00 1000.00 4.668038 54.9912 0.637263 17.317 0.828786 0.00123142 6.6131 0 1.88016 0 0 5.00637 7.48598 0.333376 0.679512 4.22603