Solid Composition:
index Pressure Temperature mass SiO2 TiO2 Al2O3 Fe2O3 Cr2O3 FeO MnO MgO NiO CoO CaO Na2O K2O P2O5 H2O 
1 2000.00 1400.00 0.000000 ---
2 2000.00 1397.00 0.000000 ---
3 2000.00 1394.00 0.000000 ---
4 2000.00 1391.00 0.000000 ---
5 2000.00 1388.00 0.000000 ---
6 2000.00 1385.00 0.000000 ---
7 2000.00 1382.00 0.000000 ---
8 2000.00 1379.00 0.000000 ---
9 2000.00 1376.00 0.000000 ---
10 2000.00 1373.00 0.000000 ---
11 2000.00 1370.00 0.000000 ---
12 2000.00 1367.00 0.000000 ---
13 2000.00 1364.00 0.000000 ---
14 2000.00 1361.00 0.000000 ---
15 2000.00 1358.00 0.000000 ---
16 2000.00 1355.00 0.000000 ---
17 2000.00 1352.00 0.000000 ---
18 2000.00 1349.00 0.000000 ---
19 2000.00 1346.00 0.000000 ---
20 2000.00 1343.00 0.000000 ---
21 2000.00 1340.00 0.000000 ---
22 2000.00 1337.00 0.000000 ---
23 2000.00 1334.00 0.000000 ---
24 2000.00 1331.00 0.000000 ---
25 2000.00 1328.00 0.000000 ---
26 2000.00 1325.00 0.000000 ---
27 2000.00 1322.00 0.000000 ---
28 2000.00 1319.00 0.000000 ---
29 2000.00 1316.00 0.000000 ---
30 2000.00 1313.00 0.000000 ---
31 2000.00 1310.00 0.000000 ---
32 2000.00 1307.00 0.000000 ---
33 2000.00 1304.00 0.000000 ---
34 2000.00 1301.00 0.000000 ---
35 2000.00 1298.00 0.000000 ---
36 2000.00 1295.00 0.000000 ---
37 2000.00 1292.00 0.000000 ---
38 2000.00 1289.00 0.000000 ---
39 2000.00 1286.00 0.000000 ---
40 2000.00 1283.00 0.000000 ---
41 2000.00 1280.00 0.000000 ---
42 2000.00 1277.00 0.000000 ---
43 2000.00 1274.00 0.000000 ---
44 2000.00 1271.00 0.000000 ---
45 2000.00 1268.00 0.000000 ---
46 2000.00 1265.00 0.000000 ---
47 2000.00 1262.00 0.000000 ---
48 2000.00 1259.00 0.000000 ---
49 2000.00 1256.00 0.000000 ---
50 2000.00 1253.00 0.000000 ---
51 2000.00 1250.00 0.000000 ---
52 2000.00 1247.00 0.000000 ---
53 2000.00 1244.00 0.000000 ---
54 2000.00 1241.00 0.000000 ---
55 2000.00 1238.00 0.000000 ---
56 2000.00 1235.00 0.000000 ---
57 2000.00 1232.00 0.000000 ---
58 2000.00 1229.00 0.342960 47.8204 0 33.5321 0 0 0 0 0 0 0 16.5061 2.13878 0.0026881 0 0
59 2000.00 1230.00 0.000000 ---
60 2000.00 1229.00 0.342960 47.8204 0 33.5321 0 0 0 0 0 0 0 16.5061 2.13878 0.0026881 0 0
61 2000.00 1229.10 0.300124 47.8173 0 33.5342 0 0 0 0 0 0 0 16.5085 2.13735 0.00268468 0 0
62 2000.00 1229.20 0.257257 47.8142 0 33.5363 0 0 0 0 0 0 0 16.511 2.13591 0.00268128 0 0
63 2000.00 1229.30 0.214360 47.8111 0 33.5383 0 0 0 0 0 0 0 16.5134 2.13448 0.00267788 0 0
64 2000.00 1229.40 0.171432 47.808 0 33.5404 0 0 0 0 0 0 0 16.5159 2.13305 0.00267448 0 0
65 2000.00 1229.50 0.128473 47.8049 0 33.5425 0 0 0 0 0 0 0 16.5183 2.13162 0.00267108 0 0
66 2000.00 1229.60 0.085483 47.8018 0 33.5446 0 0 0 0 0 0 0 16.5208 2.13018 0.0026677 0 0
67 2000.00 1229.70 0.042462 47.7987 0 33.5467 0 0 0 0 0 0 0 16.5232 2.12875 0.00266431 0 0
68 2000.00 1229.80 0.000000 ---
69 2000.00 1229.70 0.042462 47.7987 0 33.5467 0 0 0 0 0 0 0 16.5232 2.12875 0.00266431 0 0
70 2000.00 1230.10 0.000000 ---
71 2000.00 1229.80 0.000000 ---
72 2000.00 1229.90 0.000000 ---
73 2000.00 1227.90 0.811782 47.8546 0 33.509 0 0 0 0 0 0 0 16.4791 2.15457 0.00272587 0 0
74 2000.00 1225.90 1.655225 47.917 0 33.467 0 0 0 0 0 0 0 16.4298 2.18342 0.00279593 0 0
75 2000.00 1223.90 3.861553 46.9108 0 28.7754 0 0 1.83193 0 6.40429 0 0 14.163 1.91207 0.00250244 0 0
76 2000.00 1221.90 6.270651 46.6025 0 27.1545 0 0 2.48729 0 8.55292 0 0 13.362 1.83829 0.00246366 0 0
77 2000.00 1219.90 8.562053 46.4991 0 26.4365 0 0 2.79396 0 9.45352 0 0 12.9923 1.82218 0.00249987 0 0
78 2000.00 1217.91 10.743996 46.4632 0 26.02 0 0 2.98398 0 9.93823 0 0 12.7671 1.82492 0.00256207 0 0
79 2000.00 1215.91 13.954167 46.8943 0.0264377 24.435 0.0998819 0 3.13925 0 10.3858 0 0 13.278 1.73889 0.00248778 0 0
80 2000.00 1213.91 17.395290 47.2827 0.0513922 23.1424 0.18532 0 3.26158 0 10.6657 0 0 13.7351 1.67331 0.00244346 0 0
81 2000.00 1211.91 20.621818 47.5424 0.0694171 22.3158 0.239228 0 3.36326 0 10.8241 0 0 14.0019 1.64149 0.00245158 0 0
82 2000.00 1209.91 23.654048 47.7323 0.0837961 21.7389 0.276318 0 3.45361 0 10.9178 0 0 14.1672 1.62755 0.00248887 0 0
83 2000.00 1207.91 26.510737 47.8786 0.0961129 21.3112 0.303814 0.000769201 3.53731 0 10.9735 0 0 14.2722 1.624 0.00254428 0 0
84 2000.00 1205.91 29.210622 47.9925 0.107328 20.9788 0.326271 0.00417813 3.61763 0 11.0057 0 0 14.3383 1.62668 0.00261154 0 0
85 2000.00 1203.91 31.763482 48.088 0.117681 20.7126 0.344067 0.00694766 3.69441 0 11.0213 0 0 14.3785 1.63382 0.00268827 0 0
86 2000.00 1201.91 34.181465 48.17 0.127475 20.4935 0.358583 0.00925741 3.76855 0 11.0252 0 0 14.4006 1.64399 0.00277238 0 0
87 2000.00 1199.91 36.475314 48.2416 0.13691 20.3093 0.370719 0.0112246 3.84062 0 11.0208 0 0 14.4097 1.65628 0.00286251 0 0
88 2000.00 1197.91 38.654611 48.3048 0.146125 20.1515 0.381084 0.0129292 3.91104 0 11.0103 0 0 14.4092 1.67005 0.00295772 0 0
89 2000.00 1195.91 40.727938 48.3612 0.15522 20.0142 0.390105 0.0144276 3.98008 0 10.9953 0 0 14.4015 1.68486 0.00305734 0 0
90 2000.00 1193.92 42.703004 48.412 0.164268 19.8932 0.398093 0.0157607 4.04796 0 10.9769 0 0 14.3883 1.7004 0.00316087 0 0
91 2000.00 1191.92 44.586761 48.4577 0.173328 19.7853 0.405277 0.0169591 4.11485 0 10.956 0 0 14.3709 1.71643 0.00326794 0 0
92 2000.00 1189.92 46.385499 48.4992 0.182445 19.6882 0.411831 0.0180463 4.18087 0 10.9331 0 0 14.3503 1.73278 0.00337823 0 0
93 2000.00 1187.92 48.104928 48.5367 0.191657 19.5999 0.41789 0.0190403 4.24612 0 10.9087 0 0 14.3272 1.7493 0.0034915 0 0
94 2000.00 1185.92 49.750243 48.5708 0.200996 19.519 0.42356 0.0199555 4.3107 0 10.8833 0 0 14.3023 1.76588 0.00360755 0 0
95 2000.00 1183.92 51.326191 48.6016 0.210487 19.4444 0.428927 0.0208035 4.37466 0 10.8571 0 0 14.2759 1.78245 0.00372619 0 0
96 2000.00 1181.92 52.837116 48.6294 0.220155 19.3752 0.43406 0.0215937 4.43809 0 10.8303 0 0 14.2484 1.79894 0.00384725 0 0
97 2000.00 1179.92 54.287011 48.6545 0.230021 19.3105 0.439017 0.0223338 4.50103 0 10.8032 0 0 14.2202 1.81529 0.00397058 0 0
98 2000.00 1177.92 55.679549 48.6769 0.240104 19.2498 0.443847 0.0230304 4.56354 0 10.7758 0 0 14.1914 1.83146 0.00409606 0 0
99 2000.00 1175.92 57.018122 48.6967 0.250422 19.1926 0.448591 0.0236888 4.62566 0 10.7484 0 0 14.1623 1.84741 0.00422353 0 0
100 2000.00 1173.92 58.305870 48.7142 0.260993 19.1384 0.453286 0.0243138 4.68744 0 10.721 0 0 14.1329 1.86311 0.00435287 0 0
101 2000.00 1171.93 59.545704 48.7293 0.271831 19.0869 0.457965 0.0249093 4.74891 0 10.6936 0 0 14.1035 1.87854 0.00448395 0 0
102 2000.00 1169.93 60.740335 48.7422 0.282953 19.0377 0.462656 0.0254787 4.81014 0 10.6665 0 0 14.0741 1.89368 0.00461664 0 0
103 2000.00 1167.93 61.892286 48.753 0.294374 18.9905 0.467386 0.0260251 4.87115 0 10.6395 0 0 14.0448 1.90851 0.00475081 0 0
104 2000.00 1165.93 63.003919 48.7616 0.306108 18.9452 0.472182 0.0265511 4.93198 0 10.6128 0 0 14.0157 1.92302 0.00488634 0 0
105 2000.00 1163.93 64.077447 48.7681 0.318171 18.9016 0.477068 0.0270589 4.99268 0 10.5864 0 0 13.9868 1.93719 0.00502307 0 0
106 2000.00 1161.93 65.114951 48.7726 0.330578 18.8594 0.482067 0.0275504 5.0533 0 10.5603 0 0 13.9581 1.95102 0.00516089 0 0
107 2000.00 1159.93 66.118396 48.775 0.343344 18.8185 0.487204 0.0280275 5.11387 0 10.5345 0 0 13.9298 1.96449 0.00529965 0 0
108 2000.00 1157.93 67.089644 48.7755 0.356487 18.7787 0.492503 0.0284917 5.17445 0 10.509 0 0 13.9017 1.9776 0.0054392 0 0
109 2000.00 1155.93 68.030468 48.7741 0.370023 18.74 0.49799 0.0289443 5.23508 0 10.4839 0 0 13.874 1.99034 0.0055794 0 0
110 2000.00 1153.93 68.942568 48.7706 0.383972 18.7022 0.503692 0.0293863 5.29583 0 10.4592 0 0 13.8467 2.0027 0.00572011 0 0
111 2000.00 1151.93 69.827584 48.7653 0.398355 18.6652 0.509639 0.0298188 5.35675 0 10.4348 0 0 13.8196 2.01468 0.00586116 0 0
112 2000.00 1149.93 70.687109 48.7579 0.413196 18.6289 0.515862 0.0302425 5.41791 0 10.4108 0 0 13.7929 2.02627 0.0060024 0 0
113 2000.00 1147.94 71.522694 48.7486 0.428519 18.5931 0.522397 0.0306579 5.4794 0 10.3872 0 0 13.7665 2.03746 0.00614368 0 0
114 2000.00 1145.94 72.335852 48.7373 0.444352 18.5579 0.52928 0.0310651 5.5413 0 10.3638 0 0 13.7404 2.04826 0.00628483 0 0
115 2000.00 1143.94 73.128046 48.724 0.460721 18.5232 0.536548 0.0314639 5.60368 0 10.3408 0 0 13.7146 2.05865 0.00642568 0 0
116 2000.00 1141.94 73.900656 48.7086 0.477646 18.4887 0.544238 0.0318533 5.66663 0 10.318 0 0 13.689 2.06863 0.00656609 0 0
117 2000.00 1139.94 74.654942 48.6913 0.495138 18.4546 0.552381 0.0322317 5.73021 0 10.2956 0 0 13.6637 2.07821 0.00670588 0 0
118 2000.00 1137.94 75.391998 48.672 0.513191 18.4207 0.561 0.0325966 5.79445 0 10.2734 0 0 13.6385 2.08736 0.00684492 0 0
119 2000.00 1135.94 76.112728 48.6507 0.531782 18.3871 0.570106 0.0329445 5.85937 0 10.2514 0 0 13.6135 2.09612 0.00698305 0 0
120 2000.00 1133.94 76.817841 48.6277 0.550867 18.3537 0.579705 0.0332715 5.92492 0 10.2296 0 0 13.5886 2.10448 0.00712015 0 0
121 2000.00 1131.94 77.507873 48.6031 0.570387 18.3205 0.58979 0.033573 5.99104 0 10.208 0 0 13.5639 2.11246 0.00725611 0 0
122 2000.00 1129.94 78.183203 48.5769 0.590266 18.2876 0.600347 0.0338447 6.05762 0 10.1866 0 0 13.5393 2.12007 0.00739085 0 0
123 2000.00 1127.94 78.844067 48.5495 0.610419 18.2551 0.611351 0.0340827 6.12451 0 10.1653 0 0 13.5149 2.12735 0.0075243 0 0
124 2000.00 1125.95 79.490546 48.5211 0.630747 18.2229 0.622768 0.0342837 6.19155 0 10.1442 0 0 13.4905 2.13432 0.00765646 0 0
125 2000.00 1123.95 80.122562 48.4918 0.65114 18.1913 0.634551 0.034446 6.25853 0 10.1231 0 0 13.4663 2.141 0.00778733 0 0
126 2000.00 1121.95 80.739857 48.4622 0.671478 18.1602 0.646637 0.0345689 6.3252 0 10.1022 0 0 13.4421 2.14743 0.00791696 0 0
127 2000.00 1119.95 81.341992 48.4323 0.691629 18.1298 0.658947 0.0346532 6.39128 0 10.0815 0 0 13.4182 2.15365 0.00804545 0 0
128 2000.00 1117.95 81.928358 48.4026 0.711459 18.1003 0.671387 0.0347009 6.45644 0 10.0608 0 0 13.3944 2.15969 0.00817289 0 0
129 2000.00 1115.95 82.498211 48.3735 0.73083 18.0717 0.683849 0.0347152 6.52035 0 10.0404 0 0 13.3709 2.1656 0.00829945 0 0
130 2000.00 1113.95 83.050732 48.3451 0.74961 18.0441 0.696219 0.0347002 6.58268 0 10.0201 0 0 13.3477 2.1714 0.00842524 0 0
131 2000.00 1111.95 83.585107 48.318 0.767682 18.0177 0.70838 0.0346603 6.6431 0 10.0001 0 0 13.3248 2.17714 0.00855043 0 0
132 2000.00 1109.95 84.100606 48.2922 0.784946 17.9925 0.720226 0.0346001 6.70132 0 9.9803 0 0 13.3024 2.18284 0.00867512 0 0
133 2000.00 1107.95 84.596661 48.268 0.801327 17.9687 0.73166 0.034524 6.75711 0 9.96088 0 0 13.2805 2.18853 0.00879941 0 0
134 2000.00 1105.95 85.072918 48.2456 0.816776 17.9463 0.742606 0.0344361 6.81031 0 9.94184 0 0 13.2591 2.19421 0.00892336 0 0
135 2000.00 1103.95 85.529261 48.2249 0.831272 17.9251 0.753008 0.0343399 6.86081 0 9.92321 0 0 13.2383 2.19991 0.00904699 0 0
136 2000.00 1101.96 85.965809 48.2062 0.844813 17.9054 0.762833 0.0342383 6.90858 0 9.90503 0 0 13.2182 2.20561 0.00917029 0 0
137 2000.00 1099.96 86.382895 48.1892 0.85742 17.8869 0.772062 0.0341336 6.95362 0 9.88733 0 0 13.1987 2.21134 0.00929323 0 0
138 2000.00 1097.96 86.781027 48.1739 0.869126 17.8697 0.780697 0.0340279 6.99599 0 9.87013 0 0 13.1799 2.21707 0.00941576 0 0
139 2000.00 1095.96 87.160848 48.1604 0.879974 17.8537 0.788749 0.0339223 7.0358 0 9.85342 0 0 13.1617 2.2228 0.00953782 0 0
140 2000.00 1093.96 87.523095 48.1484 0.890015 17.8388 0.796238 0.0338181 7.07313 0 9.83723 0 0 13.1442 2.22853 0.00965934 0 0
141 2000.00 1091.96 87.868562 48.1378 0.899301 17.8249 0.803192 0.0337159 7.10814 0 9.82153 0 0 13.1274 2.23425 0.00978025 0 0
142 2000.00 1089.96 88.198076 48.1286 0.907885 17.812 0.809641 0.0336162 7.14094 0 9.80634 0 0 13.1111 2.23995 0.00990049 0 0
143 2000.00 1087.96 88.512467 48.1206 0.915821 17.7999 0.815616 0.0335194 7.17167 0 9.79164 0 0 13.0955 2.24562 0.01002 0 0
144 2000.00 1085.96 88.812558 48.1138 0.92316 17.7888 0.821151 0.0334257 7.20048 0 9.77742 0 0 13.0804 2.25125 0.0101387 0 0
145 2000.00 1083.96 89.099146 48.1079 0.929948 17.7783 0.826278 0.0333352 7.22748 0 9.76366 0 0 13.0659 2.25685 0.0102565 0 0
146 2000.00 1081.96 89.373000 48.103 0.936232 17.7686 0.831027 0.033248 7.2528 0 9.75036 0 0 13.052 2.26239 0.0103735 0 0
147 2000.00 1079.97 89.634851 48.099 0.942052 17.7595 0.835428 0.0331639 7.27657 0 9.73748 0 0 13.0385 2.26788 0.0104895 0 0
148 2000.00 1077.97 89.885392 48.0956 0.947447 17.751 0.839509 0.033083 7.29888 0 9.72503 0 0 13.0255 2.27332 0.0106045 0 0
149 2000.00 1075.97 90.125278 48.093 0.952453 17.743 0.843294 0.0330052 7.31984 0 9.71298 0 0 13.0129 2.2787 0.0107185 0 0
150 2000.00 1073.97 90.355122 48.091 0.9571 17.7356 0.846808 0.0329304 7.33955 0 9.70132 0 0 13.0008 2.28401 0.0108316 0 0
151 2000.00 1071.97 90.575502 48.0896 0.961419 17.7286 0.850072 0.0328584 7.3581 0 9.69004 0 0 12.9891 2.28925 0.0109435 0 0
152 2000.00 1069.97 90.786955 48.0886 0.965437 17.7221 0.853106 0.0327892 7.37556 0 9.6791 0 0 12.9778 2.29443 0.0110544 0 0
153 2000.00 1067.97 90.999568 48.0863 0.969298 17.7149 0.85603 0.0327196 7.39206 0 9.66802 0 0 12.9682 2.2995 0.0111706 0.00166966 7.06362e-05
154 2000.00 1065.97 91.211313 48.0831 0.972981 17.7074 0.858823 0.0326503 7.40761 0 9.65689 0 0 12.9599 2.30447 0.011291 0.00464732 0.000196608
155 2000.00 1063.97 91.413937 48.0805 0.976393 17.7004 0.861408 0.0325838 7.42221 0 9.64615 0 0 12.9519 2.30937 0.01141 0.00743015 0.000314338
156 2000.00 1061.97 91.608013 48.0784 0.979559 17.6938 0.863803 0.0325202 7.43594 0 9.63577 0 0 12.944 2.31419 0.0115275 0.0100348 0.000424528
157 2000.00 1059.97 91.794068 48.0769 0.982499 17.6876 0.866025 0.0324591 7.44885 0 9.62575 0 0 12.9364 2.31895 0.0116435 0.012476 0.000527808
158 2000.00 1057.97 91.972587 48.0758 0.985233 17.6818 0.868088 0.0324005 7.46101 0 9.61605 0 0 12.9289 2.32363 0.0117582 0.0147673 0.000624742
159 2000.00 1055.98 92.145136 48.0755 0.987845 17.6762 0.869976 0.0323438 7.47226 0 9.60662 0 0 12.9216 2.32804 0.0118731 0.016953 0.00071721
160 2000.00 1053.98 92.317565 48.0781 0.990668 17.6707 0.871553 0.0322868 7.48166 0 9.59724 0 0 12.9145 2.33124 0.011997 0.0191971 0.000812147
161 2000.00 1051.98 92.483443 48.081 0.993296 17.6654 0.873016 0.032232 7.49052 0 9.58815 0 0 12.9076 2.33441 0.0121199 0.0213085 0.000901472
162 2000.00 1049.98 92.643149 48.0842 0.995745 17.6604 0.874375 0.0321792 7.4989 0 9.57933 0 0 12.9008 2.33754 0.0122417 0.0232975 0.000985619
163 2000.00 1047.98 92.797033 48.0875 0.998027 17.6557 0.875637 0.0321285 7.50681 0 9.57077 0 0 12.8941 2.34063 0.0123625 0.0251734 0.00106498
164 2000.00 1045.98 92.945419 48.091 1.00016 17.6513 0.876811 0.0320796 7.51429 0 9.56246 0 0 12.8876 2.34368 0.0124823 0.0269446 0.00113991
165 2000.00 1043.98 93.088607 48.0947 1.00214 17.6471 0.877903 0.0320325 7.52136 0 9.55439 0 0 12.8813 2.3467 0.0126011 0.0286187 0.00121073
166 2000.00 1041.98 93.226876 48.0985 1.004 17.643 0.878921 0.031987 7.52806 0 9.54654 0 0 12.8751 2.34968 0.012719 0.0302026 0.00127774
167 2000.00 1039.98 93.360486 48.1024 1.00573 17.6392 0.879869 0.0319431 7.5344 0 9.53891 0 0 12.869 2.35263 0.012836 0.0317027 0.00134121
168 2000.00 1037.98 93.489677 48.1065 1.00735 17.6356 0.880752 0.0319008 7.54041 0 9.53149 0 0 12.863 2.35553 0.0129521 0.0331247 0.00140137
169 2000.00 1035.98 93.614673 48.1106 1.00886 17.6322 0.881577 0.0318598 7.5461 0 9.52426 0 0 12.8571 2.3584 0.0130673 0.0344739 0.00145844
170 2000.00 1033.99 93.735686 48.1149 1.01028 17.6289 0.882347 0.0318202 7.5515 0 9.51722 0 0 12.8514 2.36123 0.0131817 0.0357551 0.00151265
171 2000.00 1031.99 93.852910 48.1192 1.0116 17.6257 0.883065 0.0317818 7.55662 0 9.51037 0 0 12.8458 2.36402 0.0132953 0.0369727 0.00156416
172 2000.00 1029.99 93.966530 48.1236 1.01284 17.6227 0.883736 0.0317447 7.56148 0 9.50368 0 0 12.8403 2.36677 0.0134081 0.0381308 0.00161315
173 2000.00 1027.99 94.076715 48.128 1.014 17.6199 0.884363 0.0317087 7.56609 0 9.49716 0 0 12.8349 2.36949 0.0135202 0.039233 0.00165978
174 2000.00 1025.99 94.183628 48.1325 1.01508 17.6172 0.88495 0.0316739 7.57047 0 9.4908 0 0 12.8296 2.37217 0.0136315 0.0402829 0.0017042
175 2000.00 1023.99 94.287420 48.137 1.0161 17.6146 0.885498 0.0316401 7.57463 0 9.4846 0 0 12.8244 2.37482 0.0137421 0.0412837 0.00174654
176 2000.00 1021.99 94.388232 48.1416 1.01704 17.6121 0.88601 0.0316072 7.57857 0 9.47853 0 0 12.8193 2.37743 0.013852 0.0422381 0.00178691
177 2000.00 1019.99 94.486203 48.1462 1.01793 17.6097 0.886489 0.0315754 7.58232 0 9.47261 0 0 12.8143 2.38 0.0139613 0.043149 0.00182545
178 2000.00 1017.99 94.581456 48.1508 1.01876 17.6074 0.886938 0.0315444 7.58588 0 9.46683 0 0 12.8094 2.38254 0.0140699 0.0440189 0.00186225
179 2000.00 1015.99 94.674109 48.1555 1.01954 17.6052 0.887357 0.0315143 7.58927 0 9.46117 0 0 12.8045 2.38505 0.0141779 0.04485 0.00189741
180 2000.00 1013.99 94.764275 48.1601 1.02026 17.6031 0.887749 0.0314851 7.59248 0 9.45564 0 0 12.7998 2.38752 0.0142853 0.0456445 0.00193103
181 2000.00 1011.99 94.852057 48.1648 1.02094 17.6011 0.888116 0.0314566 7.59553 0 9.45023 0 0 12.7951 2.38996 0.0143922 0.0464045 0.00196318
182 2000.00 1010.00 94.937556 48.1695 1.02157 17.5991 0.888459 0.0314289 7.59844 0 9.44493 0 0 12.7905 2.39237 0.0144985 0.0471318 0.00199394
183 2000.00 1008.00 95.020864 48.1742 1.02216 17.5973 0.88878 0.0314019 7.60119 0 9.43975 0 0 12.786 2.39475 0.0146042 0.0478281 0.0020234
184 2000.00 1006.00 95.101950 48.179 1.02274 17.5955 0.889038 0.0313756 7.60376 0 9.43469 0 0 12.7816 2.39707 0.0147102 0.0484961 0.00205166
185 2000.00 1004.00 95.180475 48.1837 1.02339 17.5941 0.889082 0.0313494 7.60597 0 9.4298 0 0 12.7773 2.39924 0.0148192 0.0491412 0.00207895
186 2000.00 1002.00 95.257122 48.1884 1.024 17.5927 0.889124 0.031324 7.60809 0 9.425 0 0 12.7731 2.40139 0.0149275 0.0497593 0.00210511
187 2000.00 1000.00 95.331962 48.1931 1.02456 17.5914 0.889164 0.0312991 7.61011 0 9.42029 0 0 12.769 2.40352 0.0150353 0.050352 0.00213018