   Pi    depth   Ti       vsplg        vssp         vsopx        vsc2c        vscpx        vswo         vspwo        vsgt         vscpv        vsol         vswa         vsri         vsil         vspv         vsppv        vscf         vsnal        vsmw         vsqtz        vscoes       vsst         vsapbo       vsky         vsneph       vsfea        vsfeg        vsfee        
   0.00    -0.00  1600.00         3.42484         4.21669         4.20200         4.27285         4.32148         3.79867         2.89690         4.68668         4.96488         4.26975         4.17309         4.55759         4.71194         5.03298         4.53680         4.95883         5.37051         3.56575         3.75311         4.13655         6.48936         6.47888         5.13499         3.16054         2.15982         2.09025         2.05103
  10.00   304.13  1732.66         3.66513         3.98730         4.47127         4.60125         4.68266         4.07827         3.11144         4.92973         5.22764         4.50923         4.45581         4.75624         4.98788         5.22988         4.87600         5.22438         5.60649         3.80088         3.36572         3.94017         6.61000         6.64411         5.34295         3.49991         2.59168         2.66457         2.64010
  20.00   573.57  1870.03         3.78450         3.93464         4.44151         4.83531         4.78586         4.24362         3.20633         5.07669         5.44380         3.89294         4.66424         5.49678         5.20220         5.38823         5.12441         5.43580         5.79123         3.95303         3.19237         3.59306         6.68158         6.77975         5.49219         3.62980         2.87515         3.02115         3.00865
  30.00   809.20  1954.17         3.83446         3.87905         4.60582         5.03775         4.98789         4.36062         3.24629         5.08439         5.64364         3.98133         4.84199         5.03733         5.39602         6.45176         5.34503         5.62717         5.96133         5.64693         3.10746         3.11228         6.73749         6.92346         5.62464         3.68017         3.12426         3.32399         3.31699
  40.00  1030.33  2036.07         3.80564         3.81246         4.74461         5.21100         5.15596         4.44015         3.24503         5.16340         5.81719         4.04626         4.98878         5.14591         5.56244         6.58682         5.52790         5.79159         6.10642         5.82089         3.12787         2.40324         6.73410         7.04959         5.73054         3.69255         3.32996         3.57033         3.56476
  50.00  1246.05  2111.29         3.66770         3.73803         4.86686         5.36520         5.30106         4.49451         3.21416         5.22643         5.97165         4.09625         5.11406         5.23806         5.70995         6.70925         5.68579         5.93687         6.23418         5.96084         3.18771         1.11533         6.64281         7.16400         5.81831         3.67732         3.50944         3.78301         3.77646
  60.00  1456.72  2181.29         3.30111         3.65654         4.97657         5.50516         5.42880         4.53011         3.15950         5.27690         6.11064         4.13512         5.22272         5.31712         5.84259         6.82172         5.82458         6.06695         6.34818         6.07486         3.25719        -1.97392         6.37006         7.26843         5.89182         3.65447         3.66984         3.97167         3.96268
  70.00  1662.58  2248.08         1.98894         3.56810         5.07598         5.63378         5.54271         4.55088         3.08428         5.31688         6.23668         4.16504         5.31785         5.38524         5.96296         6.92592         5.94797         6.18448         6.45075         6.17122         3.33214        -3.10800         5.52621         7.36388         5.95348         3.61930         3.81529         4.14181         4.12951
  80.00  1863.69  2310.79        -6.70653         3.47308         5.16733         5.75348         5.64567         4.55983         2.99053         5.34839         6.35211         4.18815         5.40215         5.44452         6.07352         7.02346         6.05916         6.29182         6.54417         6.25371         3.41119        -4.00850         6.47881         7.45216         6.00575         3.57031         3.94936         4.29794         4.28171
  90.00  2060.00  2370.91         3.56970         3.37100         5.25160         5.86562         5.73937         4.55879         2.87891         5.37238         6.45834         4.20538         5.47717         5.49604         6.17559         7.11494         6.15994         6.39040         6.62965         6.32506         3.49231        -4.81409         7.12227         7.53381         6.04982         3.50919         4.07384         4.44239         4.42186
 100.00  2251.34  2428.86         3.55934         3.26129         5.32972         5.97135         5.82524         4.54919         2.74936         5.38974         6.55662         4.21761         5.54425         5.54081         6.27035         7.20096         6.25188         6.48145         6.70831         6.38892         3.57451        -5.57279         7.40874         7.60960         6.08685         3.43710         4.19028         4.57714         4.55206
 110.00  2437.50  2484.91         3.54815         3.14311         5.40246         6.07157         5.90435         4.53214         2.60093         5.40115         6.64800         4.22554         5.60443         5.57966         6.35879         7.28188         6.33619         6.56598         6.78106         6.44781         3.65711        -6.30992         7.59153         7.68019         6.11776         3.35478         4.29990         4.70369         4.67392
 120.00  2618.17  2539.20         3.53639         3.01525         4.28793         6.16699         5.97761         4.50848         2.43170         5.40713         6.73329         4.22973         5.65858         5.61324         6.44169         7.35798         6.41385         6.64479         6.84866         6.50348         3.73972        -7.04300         7.72771         7.74618         6.14332         3.26264         4.40367         4.82323         4.78867
 130.00  2793.09  2655.03         3.51128         2.86037         3.85170         6.24893         6.03468         4.47122         2.23027         5.39399         6.80680         4.21100         5.69535         5.62851         6.50565         6.36015         7.56370         6.71075         6.90050         6.74651         3.78887        -7.81307         7.80726         7.78671         6.14594         3.15038         4.48605         4.92027         4.88407
 140.00  2962.47  2704.55         3.49918         2.70740         3.83960         6.33688         6.09856         4.43646         2.00655         5.39044         6.88247         4.20916         5.73969         5.65340         6.57987         6.41053         7.66897         6.78057         6.96016         6.78504         3.87199        -8.58477         7.90292         7.84587         6.16315         3.03834         4.58129         5.02953         4.98831
