              Pi           depth              Ti             rho              KS               G             VBh             VSh             VPh             KSr              Gr             VBr             VSr             VPr             KSv              Gv             VBv             VSv             VPv
         0.00000        -0.00000      1599.99994         3.15143        92.04482        54.49652         5.40411         4.15830         7.22909        90.19877        53.57890         5.34991         4.12328         7.16172        93.89087        55.41415         5.45831         4.19331         7.29645
        10.00000       304.12654      1732.65658         3.52215       155.02312        74.56323         6.63427         4.60105         8.49939       154.24071        74.15668         6.61752         4.58850         8.47727       155.80554        74.96979         6.65101         4.61359         8.52152
        20.00000       573.57014      1870.02867         3.92318       235.65989       110.79110         7.75040         5.31414         9.88545       235.54397       110.35820         7.74849         5.30375         9.87651       235.77581       111.22401         7.75230         5.32452         9.89439
        30.00000       809.19806      1954.16726         4.45335       324.67261       173.36650         8.53840         6.23930        11.17182       322.26299       172.02592         8.50672         6.21518        11.12964       327.08224       174.70708         8.57009         6.26343        11.21400
        40.00000      1030.33473      2036.07377         4.58648       361.04015       187.11453         8.87228         6.38722        11.53745       358.70120       185.97884         8.84355         6.36783        11.50105       363.37910       188.25023         8.90102         6.40660        11.57386
        50.00000      1246.04810      2111.28600         4.71040       396.45537       200.08042         9.17416         6.51737        11.86592       394.09453       199.08806         9.14685         6.50120        11.83296       398.81621       201.07279         9.20148         6.53353        11.89888
        60.00000      1456.72297      2181.29419         4.82679       431.08667       212.40904         9.45043         6.63371        12.16493       428.64256       211.52070         9.42364         6.61984        12.13403       433.53077       213.29738         9.47722         6.64758        12.19582
        70.00000      1662.57955      2248.08302         4.93704       465.07955       224.23167         9.70574         6.73930        12.44022       462.52819       223.42647         9.67912         6.72720        12.41071       467.63091       225.03687         9.73237         6.75140        12.46973
        80.00000      1863.68911      2310.79447         5.04163       498.78110       235.61407         9.94645         6.83620        12.69816       496.13034       234.87113         9.92002         6.82542        12.66973       501.43186       236.35702         9.97288         6.84698        12.72660
        90.00000      2059.99719      2370.90764         5.14147       532.27202       246.60289        10.17471         6.92556        12.94125       529.55166       245.91080        10.14871         6.91585        12.91387       534.99238       247.29499        10.20071         6.93528        12.96863
       100.00000      2251.34406      2428.86246         5.23706       565.66423       257.25164        10.39284         7.00866        13.17218       562.91690       256.60384        10.36760         6.99983        13.14600       568.41157       257.89944        10.41808         7.01748        13.19835
       110.00000      2437.49614      2484.91337         5.32881       599.01431       267.59338        10.60235         7.08634        13.39272       596.28361       266.98605        10.57819         7.07830        13.36792       601.74501       268.20071        10.62652         7.09439        13.41753
       120.00000      2618.17000      2539.19581         5.41705       632.33391       277.65229        10.80415         7.15927        13.60404       629.65607       277.08337        10.78127         7.15194        13.58073       635.01175       278.22122        10.82703         7.16661        13.62736
       130.00000      2793.08810      2655.03087         5.58182       649.83602       302.57483        10.78981         7.36254        13.73667       648.10951       301.53892        10.77547         7.34994        13.71640       651.56253       303.61074        10.80414         7.37515        13.75693
       140.00000      2962.47378      2704.54793         5.66720       682.20086       314.80602        10.97164         7.45309        13.94423       680.53641       313.68456        10.95825         7.43982        13.92424       683.86531       315.92748        10.98502         7.46637        13.96422
