   Pi    depth   Ti       vbplg        vbsp         vbopx        vbc2c        vbcpx        vbwo         vbpwo        vbgt         vbcpv        vbol         vbwa         vbri         vbil         vbpv         vbppv        vbcf         vbnal        vbmw         vbqtz        vbcoes       vbst         vbapbo       vbky         vbneph       vbfea        vbfeg        vbfee        
   0.00    -0.00  1600.00         5.13936         6.07645         4.70459         4.90424         5.58543         5.23975         5.07937         6.11695         6.92305         5.73761         5.73858         6.23636         6.19895         6.35898         5.95872         6.04136         6.52421         5.27601         5.19854         5.89396         7.70223         7.91081         6.25320         4.12477         3.83269         3.71615         3.72324
  10.00   304.13  1732.66         5.82945         6.69288         6.43029         6.10208         6.51876         6.13138         5.93657         7.08654         7.37432         6.55285         6.42200         6.86480         6.83285         6.82011         6.52820         6.55753         7.12063         5.89214         5.20434         6.36552         8.18300         8.35979         6.86327         5.29551         4.59148         4.49175         4.29863
  20.00   573.57  1870.03         6.43251         7.29503         7.24045         6.93593         6.96692         6.77283         6.54558         7.65417         7.76476         6.70746         6.94552         7.82268         7.32959         7.21146         6.96909         6.98583         7.61265         6.36667         5.90581         6.70681         8.59207         8.74717         7.35799         5.28518         5.14096         5.34209         4.74920
  30.00   809.20  1954.17         6.85669         7.81108         8.04185         7.61317         7.50174         7.29617         7.03710         7.90610         8.52652         7.23921         7.39467         7.80359         7.76428         8.78896         7.35906         7.37036         8.05291         7.55639         6.21874         6.96545         8.97476         9.11368         7.78875         5.92848         5.60347         5.77914         5.14561
  40.00  1030.33  2036.07         7.15209         8.25713         8.70005         8.18465         7.96011         7.73895         7.44999         8.33532         8.83477         7.69080         7.78231         8.18685         8.14329         9.12553         7.69788         7.71081         8.44230         7.87608         6.32809         7.16223         9.31718         9.44370         8.16664         6.29572         5.99667         6.15453         5.48626
  50.00  1246.05  2111.29         7.33429         8.65457         9.26731         8.68527         8.36523         8.12664         7.80923         8.71925         9.11822         8.08835         8.12713         8.53077         8.48320         9.43620         8.00136         8.01883         8.79452         8.14128         6.36820         7.31027         9.63020         9.74679         8.50579         6.57626         6.34336         6.48733         5.78862
  60.00  1456.72  2181.29         7.39094         9.01495         9.76998         9.13379         8.73027         8.47344         8.12880         9.06825         9.38110         8.44578         8.43932         8.84416         8.79294         9.72576         8.27755         8.30097         9.11727         8.36466         6.37937         7.41721         9.91929        10.02770         8.81460         6.78567         6.65537         6.78806         6.06173
  70.00  1662.58  2248.08         7.26419         9.34576        10.22375         9.54191         9.06370         8.78841         8.41758         9.38920         9.62657         8.77186         8.72551         9.13287         9.07834         9.99737         8.53168         8.56178         9.41580         8.56119         6.37291         7.48755        10.18826        10.28977         9.09882         6.94961         6.94013         6.84961         6.60838
  80.00  1863.69  2310.79         6.72625         9.65264        10.63924         9.91797         9.37171         9.07794         8.68181         9.68732         9.85720         9.07291         8.99071         9.40147         9.34396        10.25392         8.76796         8.80502         9.69444         8.74124         6.35539         7.52371        10.44058        10.53614         9.36286         7.08215         7.20324         7.11206         6.82739
  90.00  2060.00  2370.91         5.47929         9.93935        11.02350        10.26752         9.65851         9.34645         8.92580         9.96619        10.07491         9.35317         9.23825         9.65301         9.59282        10.49741         8.98908         9.03317         9.95603         8.91296         6.33066         7.52638        10.67839        10.76876         9.60979         7.18898         7.44828         7.35631         7.03258
 100.00  2251.34  2428.86         5.45788        10.20887        11.38177        10.59484         9.92739         9.59730         9.15282        10.22864        10.28129         9.61590         9.47080         9.88997         9.82735        10.72931         9.19721         9.24831        10.20294         9.08158         6.30121         7.49468        10.90358        10.98935         9.84207         7.27440         7.67808         7.58522         7.22595
 110.00  2437.50  2484.91         5.43687        10.46352        11.71800        10.90318        10.18087         9.83306         9.36538        10.47688        10.47765         9.86362         9.69042        10.11430        10.04946        10.95076         9.39412         9.45212        10.43707         9.24954         6.26867         7.42598        11.11769        11.19934        10.06164         7.34174         7.89484         7.80104         7.40908
 120.00  2618.17  2539.20         5.41643        10.70515         6.86971        11.19512        10.42098        10.05578         9.56544        10.71271        10.66508        10.09831         9.89878        10.32755        10.26068        11.16269         9.58119         9.64595        10.65996         9.41722         6.23414         7.31535        11.32199        11.39993        10.27008         7.39366         8.10029         8.00551         7.58323
 130.00  2793.09  2655.03         5.39673        10.92698         5.05903        11.46468        10.64448        10.26341         9.75180        10.93162        10.84273        10.31592        10.09142        10.52472        10.45544         9.91955        11.02428         9.82332        10.86459         9.80968         6.19310         7.15224        11.50778        11.58211        10.46416         7.41935         8.28611         8.18952         7.49211
 140.00  2962.47  2704.55         5.37759        11.14727         5.04871        11.73007        10.86268        10.46486         9.93151        11.14714        11.01504        10.52944        10.28146        10.71991        10.64897        10.09309        11.21501        10.00089        11.06913         9.95895         6.15670         6.92630        11.69621        11.76745        10.65427         7.44541         8.47349         8.37597         7.65725
