       0.0000000000000000      -0.0000000000000000    1599.9999391166361420      -0.0129759740368493      -1.5483174875629537       0.2489305741594911       2.8126473660965314      -1.8165830901539635       0.0000423866518239      -0.0000175060741210      -0.4130091282911294       0.0000248805777029       0.5869908717088707       1.2724401671467103      43.6712343181996587
      10.0000000000000000     304.1265372092765915    1732.6565765088389526      -0.0148981847448954      -2.1771648037499456       0.0380420863941614       0.2639894768774266      -0.1212537867701754       0.0000253408689259      -0.0000018363718521      -0.0724668067819317       0.0000235044970738       0.9275331932180682       1.1978521721505742     135.7033437187976403
      20.0000000000000000     573.5701416149501028    1870.0286655907216300       0.3031120615447333      16.3435364803117977       0.0004518030569092      -0.0433223014689489      -0.0026507299397004       0.0000191700673990       0.0000003356738154       0.0175103096087674       0.0000195057412144       1.0175103096087674       1.1706697373949813     234.6731915761643563
      30.0000000000000000     809.1980637179908626    1954.1672608251178644      -0.6198773182075604     -23.9745569646537220       0.0000802513654313       0.0180058822722606      -0.0007510412934348       0.0000248983327171      -0.0000001583688940      -0.0063606224487134       0.0000247399638231       0.9936393775512866       1.1836144610984871     321.5772552489365808
      40.0000000000000000    1030.3347251241023059    2036.0737725631477133      -0.5320854091056014     -18.6860486120245461       0.0001364261987111       0.0228891494929647      -0.0012249325669760       0.0000223387015648      -0.0000002073378048      -0.0092815513130979       0.0000221313637599       0.9907184486869021       1.1818101632138822     357.7876089945570470
      50.0000000000000000    1246.0480974601280195    2111.2860012962305518      -0.4110267063505819     -10.7551491029699466       0.0001736115573973       0.0199366692429309      -0.0018536859928260       0.0000203277285331      -0.0000001854722617      -0.0091241016644572       0.0000201422562713       0.9908758983355428       1.1795153616029717     392.8194086440857973
      60.0000000000000000    1456.7229660226303167    2181.2941887256683913      -0.1821357152528229      -3.4746789650009742       0.0001934895658382       0.0088390010683806      -0.0025438324396044       0.0000186997604771      -0.0000000842616873      -0.0045060302973302       0.0000186154987898       0.9954939697026698       1.1770881277772529     426.8903631684377160
      70.0000000000000000    1662.5795466065676464    2248.0830227994429151       0.2581521358529472       3.1137916818487561       0.0001558084193607      -0.0091569802378845      -0.0029407812639694       0.0000173611835979       0.0000000892868324       0.0051429000744283       0.0000174504704303       1.0051429000744283       1.1768817839841446     460.6651390717559593
      80.0000000000000000    1863.6891120011216572    2310.7944684244512246       0.9007506317094605       8.4801974960147817       0.0001551212609262      -0.0291048899622238      -0.0034321004877424       0.0000162213970393       0.0000002898048156       0.0178655891930411       0.0000165112018549       1.0178655891930410       1.1753681868313943     493.6990392493431727
      90.0000000000000000    2059.9971943983123310    2370.9076361383495168       1.8449503378130503      13.5514559138337578       0.0001432975059510      -0.0507525545993435      -0.0037451735755959       0.0000152457592787       0.0000005153636841       0.0338037400895119       0.0000157611229628       1.0338037400895119       1.1747884824811565     526.5571620918757390
     100.0000000000000000    2251.3440621210411337    2428.8624640347843524       3.2100415054467670      18.3588356990034463       0.0001239725023288      -0.0708412456389449      -0.0038587003446406       0.0000144000914732       0.0000007327278652       0.0508835562967590       0.0000151328193384       1.0508835562967591       1.1752036450655712     559.4428007533674645
     110.0000000000000000    2437.4961356760286435    2484.9133730635981010       5.1817921037950114      22.9607768595539561       0.0001014135565254      -0.0872047514890526      -0.0037979878478183       0.0000136590967974       0.0000009177817613       0.0671919801796272       0.0000145768785586       1.0671919801796272       1.1764689235688683     592.4504225024292055
     120.0000000000000000    2618.1700032414119050    2539.1958122084365641       8.0300578323783594      27.3899201361344353       0.0000791512791191      -0.0987759127067596      -0.0036062869922884       0.0000130036469974       0.0000010567766869       0.0812677156748978       0.0000140604236843       1.0812677156748978       1.1783052799208025     625.5964831196039313
     130.0000000000000000    2793.0880990912810375    2655.0308744676444803       0.0000000000000000       0.0000000000000000       0.0000000000000000      -0.0759790954425109      -0.0029229984106476       0.0000121350693199       0.0000008376036593       0.0690233930422806       0.0000129726729792       1.0690233930422806       1.1755365838619805     642.8508176267930594
     140.0000000000000000    2962.4737814737814006    2704.5479330693669908       0.0000000000000000       0.0000000000000000       0.0000000000000000      -0.0819102631822296      -0.0027831866860680       0.0000115849177945       0.0000009168027648       0.0791376150495030       0.0000125017205593       1.0791376150495029       1.1772607286056891     674.8182208791506582
