              Pi           depth              Ti             Vol              KS              KT           alpha          Heat C            thet               g               q        Velocity          Ppart1          Ppart2
         0.00000        -0.00000      1599.99994       160.66694        90.03062        84.48625         4.23867         1.25140       313.86448         0.96765         0.87116         3.21732        10.08251         0.00000        71.38466
        10.00000       304.12654      1732.65658       143.75600       154.17203       148.23943         2.53409         1.21695       366.41727         0.91148         1.01054         3.60086        11.11698         0.00000        92.91403
        20.00000       573.57014      1870.02867       129.06071       235.54373       227.77135         1.91701         1.20913       407.93374         0.95188         1.03101         3.89485        12.14538         0.00000       111.32495
        30.00000       809.19806      1954.16726       113.69583       322.75952       301.61605         2.48983         1.25249       444.76495         1.44075         1.02018         4.15201        12.75649         0.00000       132.76762
        40.00000      1030.33473      2036.07377       110.39545       359.81582       338.16863         2.23387         1.24521       476.68423         1.40740         0.99961         4.37323        13.36125         0.00000       148.96845
        50.00000      1246.04810      2111.28600       107.49138       396.06536       373.93349         2.03277         1.23940       505.17069         1.37908         0.97658         4.56991        13.92497         0.00000       163.95003
        60.00000      1456.72297      2181.29419       104.89941       431.68222       409.07948         1.86998         1.23464       530.99369         1.35457         0.95367         4.74791        14.45821         0.00000       177.93448
        70.00000      1662.57955      2248.08302       102.55689       466.71694       443.62833         1.73612         1.23078       554.65749         1.33348         0.93184         4.91094        14.97515         0.00000       191.06222
        80.00000      1863.68911      2310.79447       100.42928       501.41908       477.87439         1.62214         1.22741       576.58100         1.31441         0.91134         5.06203        15.46782         0.00000       203.47899
        90.00000      2059.99719      2370.90764        98.47911       535.75431       511.75573         1.52458         1.22453       597.02335         1.29736         0.89226         5.20303        15.94675         0.00000       215.26778
       100.00000      2251.34406      2428.86246        96.68152       569.76823       545.31673         1.44001         1.22205       616.20133         1.28200         0.87452         5.33545        16.41454         0.00000       226.50206
       110.00000      2437.49614      2484.91337        95.01687       603.49744       578.59425         1.36591         1.21989       634.28696         1.26808         0.85802         5.46051        16.87246         0.00000       237.24260
       120.00000      2618.17000      2539.19581        93.46905       636.97054       611.61813         1.30036         1.21799       651.41903         1.25539         0.84266         5.57916        17.32098         0.00000       247.54121
       130.00000      2793.08810      2655.03087        90.71008       653.18113       629.44657         1.21351         1.21336       666.63513         1.17034         0.82926         5.68471        18.26057         0.00000       256.77966
       140.00000      2962.47378      2704.54793        89.34339       685.53017       661.55661         1.15849         1.21164       682.24883         1.15659         0.81577         5.79320        18.68025         0.00000       266.33471
