Parameter set:  /home/bthyer/HeFESTo/HeFESTo_Parameters_010123  Date:  20260423  Time:  170740.926
                   P(GPa)           depth_PREM(km)                     T(K)              rho(g/cm^3)                 VB(km/s)                 VS(km/s)                 VP(km/s)                VSQ(km/s)                VPQ(km/s)                  H(kJ/g)                 S(J/g/K)          alpha(1e5_K^-1)                cp(J/g/K)                  KS(GPa)                    Qs(-)                    Qp(-)            rho_0(g/cm^3)           dominant_phase
       0.0000000000000000      -0.0000000000000000    1599.9999391166361420       3.1514268906409488       5.4041104969678750       4.1582959153544827       7.2290855263052212       4.1500800047470054       7.2227374643248190     -11.8849781295800785       2.5330109804527101       2.4880577702948772       1.2860207531330512      43.6712343181996587      43.2100590600686658    1315.7898592373016982       3.2886859339391541  ol   
      10.0000000000000000     304.1265372092765915    1732.6565765088389526       3.5221503955186084       6.6342664016366806       4.6010484271038834       8.4993933748501238       4.5650913625126543       8.4698722543289406      -8.9229055106924271       2.5330109809316004       2.3504497073774755       1.2336621501437735     135.7033437187976403     131.7642314167728443     332.6591111390055175       3.4030559679366403  ol   
      20.0000000000000000     573.5701416149501028    1870.0286655907216300       3.9231765224832920       7.7503960343886611       5.3141363288168675       9.8854489296494243       5.2748174341496270       9.8529415107657314      -6.2450840041733082       2.5330109800895531       1.9505741214398757       1.2117854176457536     234.6731915761643563     226.7107687183126927     351.3647906368579470       3.6745949087651382  ri   
      30.0000000000000000     809.1980637179908626    1954.1672608251178644       4.4533476467835129       8.5384008412714483       6.2393026030441936      11.1718166458777830       6.2191684418644080      11.1557938325510815      -3.8923712906733203       2.5330109805038159       2.4739963823073876       1.2644613446664010     321.5772552489365808     301.0163112367973781     805.6183631575016761       4.1553672370118466  pv   
      40.0000000000000000    1030.3347251241023059    2036.0737725631477133       4.5864849907887821       8.8722849473348422       6.3872184990483296      11.5374545152496317       6.3664831693562052      11.5208078726379686      -1.6802006773894895       2.5330109684823130       2.2131363759916112       1.2550650603478184     357.7876089945570470     336.9044728761555803     800.8066606592258267       4.1556777880120519  pv   
      50.0000000000000000    1246.0480974601280195    2111.2860012962305518       4.7103969740972866       9.1741634509344792       6.5173674624645193      11.8659199649089935       6.4960786846910166      11.8486934502896766       0.4708666721939462       2.5330109805004977       2.0142256271320287       1.2470783118871147     392.8194086440857973     371.5376351388552507     795.8813504857494081       4.1562063822647328  pv   
      60.0000000000000000    1456.7229660226303167    2181.2941887256683913       4.8267867643298326       9.4504283284568285       6.6337101163216179      12.1649262281637913       6.6118946747107312      12.1471461166372752       2.5677753451966252       2.5330109805001646       1.8615498789845266       1.2405227115272213     426.8903631684377160     405.0611679083810941     790.5317722484033993       4.1570163477465494  pv   
      70.0000000000000000    1662.5795466065676464    2248.0830227994429151       4.9370358848162921       9.7057443156979346       6.7392975675312226      12.4402177053269476       6.7169124146611248      12.4218527069454030       4.6160186484542880       2.5330109798339002       1.7450470430286016       1.2376238899819454     460.6651390717559593     438.0558706716474262     782.6749186011570600       4.1583215842935308  pv   
      80.0000000000000000    1863.6891120011216572    2310.7944684244512246       5.0416276956589190       9.9464493351990626       6.8361988635320277      12.6981647263144382       6.8133208662979925      12.6792777796494054       6.6202000345906287       2.5330109730689681       1.6511201854920847       1.2341207064234554     493.6990392493431727     470.1956150501496836     776.8256073502647041       4.1596651869272669  pv   
      90.0000000000000000    2059.9971943983123310    2370.9076361383495168       5.1414666920385574      10.1747064161204399       6.9255639109823299      12.9412500304953824       6.9021679044235134      12.9218196948426911       8.5841584340332791       2.5330109804821817       1.5761122962814160       1.2322918845155608     526.5571620918757390     501.9860125401058326     769.5560478844494128       4.1612342510394447  pv   
     100.0000000000000000    2251.3440621210411337    2428.8624640347843524       5.2370608861888694      10.3928406404855274       7.0086588148604987      13.1721774506718674       6.9847248654034821      13.1521855306660473      10.5111440007334291       2.5330109805015568       1.5132819338399957       1.2318866749488289     559.4428007533674645     533.7010554792790344     761.2852193864571291       4.1629490203791093  pv   
     110.0000000000000000    2437.4961356760286435    2484.9133730635981010       5.3288115081522065      10.6023537984522367       7.0863438939882659      13.3927215086883891       7.0618868286299001      13.3721782923484991      12.4039691240717911       2.5330109805008858       1.4576878558633788       1.2325032759690175     592.4504225024292055     565.5153413538473615     753.2596930278116361       4.1647239645757841  pv   
     120.0000000000000000    2618.1700032414119050    2539.1958122084365641       5.4170548871381454      10.8041509786421237       7.1592707610831923      13.6040413970412253       7.1358896145216306      13.5842952465153424      14.2650952957844392       2.5330109804990917       1.4060423684326333       1.2336760740774309     625.5964831196039313     597.5179827581289373     796.0307271270934280       4.1664836288926459  pv   
     130.0000000000000000    2793.0880990912810375    2655.0308744676444803       5.5818180399114814      10.7898068338051321       7.3625444101179269      13.7366670074857904       7.3354812591732053      13.7142256416877810      16.0812591856920442       2.5330109805117735       1.2972672979163411       1.2249211298120177     642.8508176267930594     616.9333156999699668     707.2556348322963231       4.2073236703674901  ppv  
     140.0000000000000000    2962.4737814737814006    2704.5479330693669908       5.6672031907006764      10.9716366182137399       7.4530911642638369      13.9442312064276734       7.4259946935239460      13.9216997973758811      17.8591516557320027       2.5330109805498280       1.2501720559340033       1.2256081472826039     674.8182208791506582     648.1981962587267390     715.0732855148580711       4.2090393615448054  ppv  
