   Pi    depth   Ti       volplg        volsp         volopx        volc2c        volcpx        volwo         volpwo        volgt         volcpv        volol         volwa         volri         volil         volpv         volppv        volcf         volnal        volmw         volqtz        volcoes       volst         volapbo       volky         volneph       volfea        volfeg        volfee        
   0.00    -0.00  1600.00       102.84449        43.68078        66.33403        65.79217        68.08777        41.87457        42.19682       123.10411        28.83263        45.87943        43.47985        42.15907        28.63801        27.85624        27.06435        40.08286       115.52818        47.89641        23.72378        20.91681        14.53199        14.14427        45.73486        57.96521         7.55514         7.51021         7.37021
  10.00   304.13  1732.66        91.68350        41.37727        60.08180        60.49462        62.71259        37.85567        37.86167       113.13845        27.64173        42.37736        40.88391        40.03400        27.32570        26.69737        25.83132        38.10746       109.97825        45.09426        20.19034        19.17042        14.05333        13.71214        43.06713        49.26700         7.06953         7.01160         6.87849
  20.00   573.57  1870.03        84.27533        39.67185        57.40554        57.21882        58.15217        35.22772        35.05288       108.59032        26.66425        41.06123        38.95218        37.36651        26.30265        25.75606        24.86057        36.55462       105.63838        43.00530        18.29330        17.85807        13.64987        13.34326        41.03412        44.09103         6.74557         6.68370         6.53765
  30.00   809.20  1954.17        78.80018        38.28203        55.00261        54.77544        55.43259        33.24940        32.95352       106.30183        25.79427        39.19676        37.37262        37.01086        25.43549        23.11117        24.01981        35.22399       101.94010        41.07789        16.92655        16.80016        13.28457        13.00570        39.35810        40.30626         6.49102         6.42664         6.26279
  40.00  1030.33  2036.07        74.44498        37.12873        53.14266        52.86048        53.25037        31.69006        31.30437       102.72020        25.04242        37.69906        36.06368        35.84980        24.70041        22.47820        23.30394        34.09772        98.81539        39.56071        16.32308        15.91645        12.96346        12.70687        37.95961        37.55011         6.28719         6.22169         6.04223
  50.00  1246.05  2111.29        70.78320        36.14156        51.62190        51.28400        51.43002        30.40672        29.95079        99.66493        24.37868        36.44788        34.94536        34.84554        24.06097        21.91695        22.67839        33.11961        96.10525        38.26613        15.95952        15.15595        12.67601        12.43782        36.76012        35.36172         6.11663         6.05061         5.85752
  60.00  1456.72  2181.29        67.56633        35.27946        50.33554        49.94613        49.87256        29.32042        28.80744        97.00602        23.78574        35.37578        33.97092        33.96202        23.49567        21.41350        22.12351        32.25688        93.71675        37.13620        15.65060        14.48694        12.41612        12.19343        35.71234        33.75808         5.97012         5.90391         5.69897
  70.00  1662.58  2248.08        64.60688        34.51519        49.22136        48.78619        48.51508        28.38191        27.82130        94.65725        23.25124        34.43993        33.10927        33.17467        22.98982        20.95845        21.62584        31.48701        91.58629        36.13158        15.38211        13.88801        12.17933        11.96991        34.78433        32.46903         5.84194         5.77573         5.56047
  80.00  1863.69  2310.79        61.66865        33.82906        48.23896        47.76280        47.31365        27.55754        26.95634        92.55548        22.76471        33.61064        32.33766        32.46503        22.53217        20.54312        21.17463        30.79218        89.66411        35.22707        15.14428        13.34376        11.96181        11.76391        33.95236        31.35833         5.72796         5.66188         5.43753
  90.00  2060.00  2370.91        85.91941        33.20723        47.36090        46.84856        46.23818        26.82439        26.18802        90.65683        22.31910        32.86739        31.64020        31.82004        22.11487        20.16177        20.76259        30.16026        87.91620        34.40593        14.93104        12.84279        11.76094        11.57314        33.19978        30.38669         5.62551         5.55963         5.32725
 100.00  2251.34  2428.86        85.28261        32.63906        46.56749        46.02320        45.26616        26.16558        25.49832        88.92748        21.90850        32.19489        31.00464        31.22950        21.73167        19.80975        20.38379        29.58147        86.31531        33.65550        14.73787        12.37611        11.57447        11.39560        32.51364        29.52598         5.53255         5.46690         5.22737
 110.00  2437.50  2484.91        84.70367        32.11634        45.84412        45.27156        44.38052        25.56840        24.87372        87.34127        21.52814        31.58152        30.42148        30.68539        21.37767        19.48333        20.03353        29.04808        84.83994        32.96596        14.56140        11.93629        11.40056        11.22968        31.88386        28.75562         5.44750         5.38213         5.13621
 120.00  2618.17  2539.20        84.17332        31.63260        49.97228        44.58202        43.56800        25.02310        24.30383        85.87757        21.17410        31.01830        29.88321        30.18132        21.04893        19.17937        19.70802        28.55388        83.47287        32.32970        14.39901        11.51680        11.23772        11.07401        31.30245        28.06011         5.36918         5.30410         5.05241
 130.00  2793.09  2655.03        83.68763        31.18881        63.95275        43.96865        42.83679        24.53414        23.79197        84.55846        20.86207        30.50568        29.39608        29.72305        20.75164        20.29579        18.54852        28.11654        82.25851        31.67806        14.26788        11.11232        11.09157        10.93425        30.77830        27.46367         5.30038         5.23585         4.98000
 140.00  2962.47  2704.55        83.23398        30.76750        63.95275        43.37592        42.13961        24.07011        23.30781        83.28996        20.55012        30.02188        28.92952        29.28343        20.46358        20.00436        18.27692        27.68468        81.06397        31.14067        14.12759        10.71370        10.94670        10.79530        30.27426        26.88337         5.23251         5.16826         4.90756
