 dndt and dndp by species:
    1 an       -0.00018079     -0.09864581
    2 ab       -0.00000284     -0.00454368
    3 sp        0.00003615      0.02546431
    4 hc        0.00000183      0.00346843
    5 smag     -0.00000142     -0.00227184
    6 picr     -0.00000000     -0.00000000
    7 en       -0.00002845      0.01232217
    8 fs        0.00000983      0.00319121
    9 mgts      0.00010373      0.04570187
   10 odi       0.00016130     -0.02480671
   11 mgc2      0.00000000      0.00000000
   12 fec2     -0.00000000      0.00000000
   13 di       -0.00002939      0.08825533
   14 he        0.00000839      0.00891416
   15 cen       0.00009852      0.04197423
   16 cats      0.00004049      0.02628303
   17 jd        0.00000000      0.00000000
   18 acm       0.00000284      0.00454368
   19 wo        0.00000000      0.00000000
   20 pwo       0.00000000      0.00000000
   21 py        0.00000000      0.00000000
   22 al       -0.00000000     -0.00000000
   23 gr        0.00000000      0.00000000
   24 mgmj      0.00000000     -0.00000000
   25 namj      0.00000000      0.00000000
   26 andr      0.00000000     -0.00000000
   27 knor     -0.00000000     -0.00000000
   28 capv      0.00000000      0.00000000
   29 fo       -0.00020596     -0.12160380
   30 fa       -0.00001423     -0.00824659
   31 mgwa      0.00000000      0.00000000
   32 fewa      0.00000000      0.00000000
   33 mgri      0.00000000      0.00000000
   34 feri     -0.00000000     -0.00000000
   35 mgil      0.00000000      0.00000000
   36 feil      0.00000000      0.00000000
   37 co       -0.00000000     -0.00000000
   38 hem       0.00000000      0.00000000
   39 esk      -0.00000000     -0.00000000
   40 mgpv      0.00000000      0.00000000
   41 fepv     -0.00000000     -0.00000000
   42 alpv     -0.00000000      0.00000000
   43 hepv     -0.00000000     -0.00000000
   44 hlpv      0.00000000     -0.00000000
   45 fapv     -0.00000000      0.00000000
   46 crpv     -0.00000000      0.00000000
   47 mppv      0.00000000      0.00000000
   48 fppv     -0.00000000     -0.00000000
   49 appv      0.00000000     -0.00000000
   50 hppv     -0.00000000     -0.00000000
   51 cppv     -0.00000000      0.00000000
   52 mgcf     -0.00000000     -0.00000000
   53 fecf      0.00000000      0.00000000
   54 nacf      0.00000000      0.00000000
   55 hmag     -0.00000000     -0.00000000
   56 crcf     -0.00000000     -0.00000000
   57 mnal     -0.00000000     -0.00000000
   58 fnal     -0.00000000      0.00000000
   59 nnal     -0.00000000     -0.00000000
   60 pe       -0.00000000     -0.00000000
   61 wu        0.00000000      0.00000000
   62 wuls     -0.00000000     -0.00000000
   63 anao     -0.00000000     -0.00000000
   64 mag       0.00000000      0.00000000
   65 qtz      -0.00000000      0.00000000
   66 coes     -0.00000000     -0.00000000
   67 st        0.00000000     -0.00000000
   68 apbo     -0.00000000     -0.00000000
   69 ky       -0.00000000     -0.00000000
   70 neph     -0.00000000     -0.00000000
   71 fea       0.00000000      0.00000000
   72 feg      -0.00000000     -0.00000000
   73 fee      -0.00000000     -0.00000000
 dndt and dndp by species:
    1 an        0.00000000     -0.00000000
    2 ab       -0.00000000     -0.00000000
    3 sp       -0.00000000     -0.00000000
    4 hc        0.00000000      0.00000000
    5 smag     -0.00000000      0.00000000
    6 picr     -0.00000000     -0.00000000
    7 en       -0.00014284     -0.01721334
    8 fs       -0.00000795     -0.00193099
    9 mgts      0.00000157     -0.00028949
   10 odi       0.00002673     -0.00167714
   11 mgc2     -0.00000000     -0.00000000
   12 fec2      0.00000000     -0.00000000
   13 di       -0.00006541     -0.00062224
   14 he        0.00001036     -0.00073902
   15 cen       0.00008514     -0.00491151
   16 cats      0.00000147     -0.00015494
   17 jd       -0.00000261     -0.00111585
   18 acm      -0.00000038     -0.00018213
   19 wo        0.00000000     -0.00000000
   20 pwo       0.00000000      0.00000000
   21 py        0.00000074     -0.00287236
   22 al       -0.00001124      0.00290134
   23 gr        0.00000876      0.00097338
   24 mgmj      0.00004701      0.01267592
   25 namj      0.00000149      0.00064899
   26 andr      0.00000019      0.00009107
   27 knor      0.00000000      0.00000000
   28 capv      0.00000000     -0.00000000
   29 fo       -0.00001963      0.00205151
   30 fa        0.00001963     -0.00205151
   31 mgwa     -0.00000000      0.00000000
   32 fewa     -0.00000000     -0.00000000
   33 mgri      0.00000000     -0.00000000
   34 feri     -0.00000000      0.00000000
   35 mgil      0.00000000     -0.00000000
   36 feil     -0.00000000     -0.00000000
   37 co       -0.00000000     -0.00000000
   38 hem       0.00000000      0.00000000
   39 esk      -0.00000000     -0.00000000
   40 mgpv     -0.00000000      0.00000000
   41 fepv     -0.00000000     -0.00000000
   42 alpv     -0.00000000     -0.00000000
   43 hepv     -0.00000000      0.00000000
   44 hlpv      0.00000000      0.00000000
   45 fapv      0.00000000      0.00000000
   46 crpv      0.00000000      0.00000000
   47 mppv      0.00000000      0.00000000
   48 fppv     -0.00000000     -0.00000000
   49 appv      0.00000000     -0.00000000
   50 hppv      0.00000000      0.00000000
   51 cppv     -0.00000000     -0.00000000
   52 mgcf      0.00000000     -0.00000000
   53 fecf      0.00000000      0.00000000
   54 nacf      0.00000000      0.00000000
   55 hmag     -0.00000000      0.00000000
   56 crcf     -0.00000000      0.00000000
   57 mnal      0.00000000      0.00000000
   58 fnal      0.00000000     -0.00000000
   59 nnal      0.00000000      0.00000000
   60 pe        0.00000000     -0.00000000
   61 wu       -0.00000000     -0.00000000
   62 wuls     -0.00000000     -0.00000000
   63 anao      0.00000000     -0.00000000
   64 mag       0.00000000      0.00000000
   65 qtz       0.00000000      0.00000000
   66 coes     -0.00000000     -0.00000000
   67 st       -0.00000000      0.00000000
   68 apbo     -0.00000000     -0.00000000
   69 ky        0.00000000     -0.00000000
   70 neph     -0.00000000      0.00000000
   71 fea      -0.00000000     -0.00000000
   72 feg      -0.00000000     -0.00000000
   73 fee      -0.00000000     -0.00000000
 dndt and dndp by species:
    1 an        0.00000000     -0.00000000
    2 ab        0.00000000     -0.00000000
    3 sp        0.00000000     -0.00000000
    4 hc        0.00000000     -0.00000000
    5 smag     -0.00000000      0.00000000
    6 picr     -0.00000000     -0.00000000
    7 en        0.00000000     -0.00000000
    8 fs        0.00000000     -0.00000000
    9 mgts      0.00000000     -0.00000000
   10 odi       0.00000000     -0.00000000
   11 mgc2     -0.00000000      0.00000000
   12 fec2     -0.00000000     -0.00000000
   13 di        0.00000000     -0.00000000
   14 he       -0.00000000      0.00000000
   15 cen       0.00000000     -0.00000000
   16 cats     -0.00000000      0.00000000
   17 jd       -0.00000000      0.00000000
   18 acm       0.00000000     -0.00000000
   19 wo        0.00000000     -0.00000000
   20 pwo      -0.00000000      0.00000000
   21 py        0.00002356     -0.00147472
   22 al       -0.00001427      0.00096862
   23 gr       -0.00000929      0.00050610
   24 mgmj     -0.00000000      0.00000000
   25 namj      0.00000000      0.00000000
   26 andr      0.00000929     -0.00050610
   27 knor      0.00000000     -0.00000000
   28 capv     -0.00000000      0.00000000
   29 fo       -0.00000000      0.00000000
   30 fa        0.00000000     -0.00000000
   31 mgwa      0.00000000     -0.00000000
   32 fewa     -0.00000000      0.00000000
   33 mgri     -0.00003535      0.00221207
   34 feri      0.00000747     -0.00069378
   35 mgil     -0.00000000      0.00000000
   36 feil     -0.00000000      0.00000000
   37 co       -0.00000000      0.00000000
   38 hem      -0.00000000     -0.00000000
   39 esk      -0.00000000      0.00000000
   40 mgpv     -0.00000000      0.00000000
   41 fepv      0.00000000     -0.00000000
   42 alpv      0.00000000     -0.00000000
   43 hepv     -0.00000000      0.00000000
   44 hlpv     -0.00000000      0.00000000
   45 fapv      0.00000000     -0.00000000
   46 crpv      0.00000000     -0.00000000
   47 mppv     -0.00000000      0.00000000
   48 fppv     -0.00000000      0.00000000
   49 appv      0.00000000     -0.00000000
   50 hppv     -0.00000000      0.00000000
   51 cppv     -0.00000000      0.00000000
   52 mgcf      0.00000000     -0.00000000
   53 fecf      0.00000000     -0.00000000
   54 nacf      0.00000000     -0.00000000
   55 hmag     -0.00000000      0.00000000
   56 crcf     -0.00000000      0.00000000
   57 mnal     -0.00000000      0.00000000
   58 fnal      0.00000000      0.00000000
   59 nnal     -0.00000000      0.00000000
   60 pe       -0.00000000      0.00000000
   61 wu        0.00000000     -0.00000000
   62 wuls      0.00000000     -0.00000000
   63 anao      0.00000000     -0.00000000
   64 mag      -0.00000000      0.00000000
   65 qtz      -0.00000000      0.00000000
   66 coes      0.00000000     -0.00000000
   67 st        0.00000000     -0.00000000
   68 apbo      0.00000000     -0.00000000
   69 ky       -0.00000000      0.00000000
   70 neph     -0.00000000      0.00000000
   71 fea       0.00000000     -0.00000000
   72 feg       0.00000929     -0.00050610
   73 fee       0.00000000     -0.00000000
 dndt and dndp by species:
    1 an        0.00000000      0.00000000
    2 ab        0.00000000      0.00000000
    3 sp       -0.00000000     -0.00000000
    4 hc        0.00000000      0.00000000
    5 smag     -0.00000000      0.00000000
    6 picr      0.00000000      0.00000000
    7 en       -0.00000000     -0.00000000
    8 fs        0.00000000      0.00000000
    9 mgts     -0.00000000     -0.00000000
   10 odi       0.00000000      0.00000000
   11 mgc2     -0.00000000     -0.00000000
   12 fec2     -0.00000000     -0.00000000
   13 di        0.00000000      0.00000000
   14 he       -0.00000000     -0.00000000
   15 cen      -0.00000000     -0.00000000
   16 cats      0.00000000      0.00000000
   17 jd       -0.00000000     -0.00000000
   18 acm       0.00000000      0.00000000
   19 wo       -0.00000000     -0.00000000
   20 pwo       0.00000000      0.00000000
   21 py        0.00000000      0.00000000
   22 al       -0.00000000     -0.00000000
   23 gr        0.00000000      0.00000000
   24 mgmj      0.00000000      0.00000000
   25 namj      0.00000000      0.00000000
   26 andr     -0.00000000     -0.00000000
   27 knor     -0.00000000     -0.00000000
   28 capv      0.00000000     -0.00000000
   29 fo       -0.00000000     -0.00000000
   30 fa       -0.00000000     -0.00000000
   31 mgwa      0.00000000      0.00000000
   32 fewa      0.00000000      0.00000000
   33 mgri     -0.00000000     -0.00000000
   34 feri      0.00000000      0.00000000
   35 mgil     -0.00000000     -0.00000000
   36 feil     -0.00000000     -0.00000000
   37 co        0.00000000      0.00000000
   38 hem       0.00000000      0.00000000
   39 esk       0.00000000      0.00000000
   40 mgpv     -0.00007871     -0.00047487
   41 fepv      0.00007871      0.00047487
   42 alpv      0.00005717      0.00024704
   43 hepv     -0.00000000     -0.00000000
   44 hlpv     -0.00000000     -0.00000000
   45 fapv     -0.00011435     -0.00049408
   46 crpv      0.00000000      0.00000000
   47 mppv     -0.00000000      0.00000000
   48 fppv     -0.00000000     -0.00000000
   49 appv      0.00000000      0.00000000
   50 hppv      0.00000000      0.00000000
   51 cppv      0.00000000      0.00000000
   52 mgcf      0.00000000      0.00000000
   53 fecf      0.00000000      0.00000000
   54 nacf      0.00000000      0.00000000
   55 hmag      0.00000000      0.00000000
   56 crcf     -0.00000000     -0.00000000
   57 mnal     -0.00000000     -0.00000000
   58 fnal      0.00000000      0.00000000
   59 nnal     -0.00000000     -0.00000000
   60 pe        0.00001968      0.00011872
   61 wu        0.00002112     -0.00005409
   62 wuls      0.00000173      0.00014034
   63 anao     -0.00000000     -0.00000000
   64 mag       0.00000035     -0.00001968
   65 qtz      -0.00000000      0.00000000
   66 coes      0.00000000      0.00000000
   67 st        0.00000000      0.00000000
   68 apbo      0.00000000      0.00000000
   69 ky       -0.00000000     -0.00000000
   70 neph      0.00000000      0.00000000
   71 fea      -0.00000000      0.00000000
   72 feg      -0.00005683     -0.00026672
   73 fee      -0.00000000     -0.00000000
 dndt and dndp by species:
    1 an       -0.00000000     -0.00000000
    2 ab       -0.00000000     -0.00000000
    3 sp       -0.00000000     -0.00000000
    4 hc       -0.00000000     -0.00000000
    5 smag     -0.00000000     -0.00000000
    6 picr      0.00000000      0.00000000
    7 en        0.00000000      0.00000000
    8 fs        0.00000000      0.00000000
    9 mgts      0.00000000     -0.00000000
   10 odi      -0.00000000     -0.00000000
   11 mgc2      0.00000000      0.00000000
   12 fec2      0.00000000      0.00000000
   13 di        0.00000000      0.00000000
   14 he       -0.00000000     -0.00000000
   15 cen       0.00000000      0.00000000
   16 cats      0.00000000      0.00000000
   17 jd       -0.00000000     -0.00000000
   18 acm      -0.00000000     -0.00000000
   19 wo       -0.00000000     -0.00000000
   20 pwo       0.00000000      0.00000000
   21 py       -0.00000000     -0.00000000
   22 al        0.00000000      0.00000000
   23 gr        0.00000000      0.00000000
   24 mgmj     -0.00000000     -0.00000000
   25 namj      0.00000000      0.00000000
   26 andr      0.00000000      0.00000000
   27 knor      0.00000000      0.00000000
   28 capv      0.00000000      0.00000000
   29 fo        0.00000000      0.00000000
   30 fa       -0.00000000     -0.00000000
   31 mgwa     -0.00000000     -0.00000000
   32 fewa      0.00000000      0.00000000
   33 mgri      0.00000000      0.00000000
   34 feri     -0.00000000     -0.00000000
   35 mgil      0.00000000     -0.00000000
   36 feil      0.00000000      0.00000000
   37 co        0.00000000      0.00000000
   38 hem      -0.00000000      0.00000000
   39 esk       0.00000000      0.00000000
   40 mgpv     -0.00006975     -0.00029720
   41 fepv      0.00006975      0.00029720
   42 alpv      0.00004840      0.00042701
   43 hepv      0.00000005     -0.00000036
   44 hlpv     -0.00000000     -0.00000000
   45 fapv     -0.00009680     -0.00085403
   46 crpv     -0.00000000      0.00000000
   47 mppv      0.00000000      0.00000000
   48 fppv      0.00000000      0.00000000
   49 appv     -0.00000000     -0.00000000
   50 hppv     -0.00000000     -0.00000000
   51 cppv     -0.00000000     -0.00000000
   52 mgcf     -0.00000000     -0.00000000
   53 fecf     -0.00000000     -0.00000000
   54 nacf     -0.00000000     -0.00000000
   55 hmag     -0.00000000     -0.00000000
   56 crcf     -0.00000000     -0.00000000
   57 mnal     -0.00000000     -0.00000000
   58 fnal      0.00000000      0.00000000
   59 nnal     -0.00000000     -0.00000000
   60 pe        0.00001744      0.00007430
   61 wu        0.00001683      0.00000434
   62 wuls      0.00000180      0.00025172
   63 anao      0.00000000      0.00000000
   64 mag       0.00000020     -0.00000983
   65 qtz       0.00000000      0.00000000
   66 coes     -0.00000000     -0.00000000
   67 st       -0.00000000     -0.00000000
   68 apbo      0.00000000      0.00000000
   69 ky       -0.00000000     -0.00000000
   70 neph      0.00000000      0.00000000
   71 fea      -0.00000000      0.00000000
   72 feg      -0.00004815     -0.00043720
   73 fee       0.00000000      0.00000000
 dndt and dndp by species:
    1 an       -0.00000000     -0.00000000
    2 ab       -0.00000000     -0.00000000
    3 sp       -0.00000000     -0.00000000
    4 hc        0.00000000     -0.00000000
    5 smag      0.00000000      0.00000000
    6 picr      0.00000000      0.00000000
    7 en       -0.00000000      0.00000000
    8 fs       -0.00000000     -0.00000000
    9 mgts      0.00000000      0.00000000
   10 odi      -0.00000000     -0.00000000
   11 mgc2      0.00000000      0.00000000
   12 fec2      0.00000000      0.00000000
   13 di       -0.00000000     -0.00000000
   14 he        0.00000000      0.00000000
   15 cen       0.00000000     -0.00000000
   16 cats      0.00000000     -0.00000000
   17 jd        0.00000000     -0.00000000
   18 acm       0.00000000      0.00000000
   19 wo        0.00000000      0.00000000
   20 pwo       0.00000000     -0.00000000
   21 py       -0.00000000      0.00000000
   22 al       -0.00000000     -0.00000000
   23 gr        0.00000000     -0.00000000
   24 mgmj     -0.00000000     -0.00000000
   25 namj     -0.00000000     -0.00000000
   26 andr      0.00000000      0.00000000
   27 knor      0.00000000      0.00000000
   28 capv     -0.00000000     -0.00000000
   29 fo        0.00000000      0.00000000
   30 fa       -0.00000000     -0.00000000
   31 mgwa     -0.00000000     -0.00000000
   32 fewa      0.00000000      0.00000000
   33 mgri      0.00000000      0.00000000
   34 feri      0.00000000     -0.00000000
   35 mgil      0.00000000      0.00000000
   36 feil     -0.00000000     -0.00000000
   37 co        0.00000000     -0.00000000
   38 hem       0.00000000      0.00000000
   39 esk      -0.00000000     -0.00000000
   40 mgpv     -0.00006143     -0.00005771
   41 fepv      0.00006143      0.00005771
   42 alpv      0.00003914      0.00054619
   43 hepv      0.00000005     -0.00000041
   44 hlpv      0.00000001      0.00000020
   45 fapv     -0.00007828     -0.00109237
   46 crpv     -0.00000000     -0.00000000
   47 mppv     -0.00000000     -0.00000000
   48 fppv     -0.00000000     -0.00000000
   49 appv      0.00000000      0.00000000
   50 hppv     -0.00000000     -0.00000000
   51 cppv      0.00000000      0.00000000
   52 mgcf     -0.00000000      0.00000000
   53 fecf     -0.00000000     -0.00000000
   54 nacf      0.00000000      0.00000000
   55 hmag      0.00000000      0.00000000
   56 crcf     -0.00000000     -0.00000000
   57 mnal     -0.00000000     -0.00000000
   58 fnal     -0.00000000     -0.00000000
   59 nnal     -0.00000000      0.00000000
   60 pe        0.00001536      0.00001443
   61 wu        0.00001300     -0.00000417
   62 wuls      0.00000085      0.00040447
   63 anao      0.00000000      0.00000000
   64 mag       0.00000011     -0.00000492
   65 qtz      -0.00000000     -0.00000000
   66 coes     -0.00000000     -0.00000000
   67 st        0.00000000      0.00000000
   68 apbo     -0.00000000      0.00000000
   69 ky        0.00000000      0.00000000
   70 neph      0.00000000      0.00000000
   71 fea       0.00000000      0.00000000
   72 feg      -0.00003897     -0.00055132
   73 fee      -0.00000000     -0.00000000
 dndt and dndp by species:
    1 an       -0.00000000     -0.00000000
    2 ab       -0.00000000      0.00000000
    3 sp       -0.00000000     -0.00000000
    4 hc        0.00000000     -0.00000000
    5 smag      0.00000000      0.00000000
    6 picr      0.00000000      0.00000000
    7 en       -0.00000000      0.00000000
    8 fs       -0.00000000     -0.00000000
    9 mgts      0.00000000      0.00000000
   10 odi      -0.00000000     -0.00000000
   11 mgc2      0.00000000      0.00000000
   12 fec2      0.00000000      0.00000000
   13 di       -0.00000000     -0.00000000
   14 he       -0.00000000      0.00000000
   15 cen       0.00000000     -0.00000000
   16 cats      0.00000000     -0.00000000
   17 jd        0.00000000     -0.00000000
   18 acm       0.00000000      0.00000000
   19 wo        0.00000000      0.00000000
   20 pwo       0.00000000     -0.00000000
   21 py       -0.00000000      0.00000000
   22 al       -0.00000000     -0.00000000
   23 gr        0.00000000     -0.00000000
   24 mgmj     -0.00000000     -0.00000000
   25 namj     -0.00000000     -0.00000000
   26 andr      0.00000000      0.00000000
   27 knor      0.00000000      0.00000000
   28 capv     -0.00000000     -0.00000000
   29 fo        0.00000000      0.00000000
   30 fa       -0.00000000     -0.00000000
   31 mgwa     -0.00000000     -0.00000000
   32 fewa      0.00000000      0.00000000
   33 mgri      0.00000000      0.00000000
   34 feri      0.00000000     -0.00000000
   35 mgil     -0.00000000      0.00000000
   36 feil     -0.00000000     -0.00000000
   37 co        0.00000000     -0.00000000
   38 hem       0.00000000      0.00000000
   39 esk       0.00000000     -0.00000000
   40 mgpv     -0.00005493      0.00023857
   41 fepv      0.00005493     -0.00023857
   42 alpv      0.00002974      0.00061010
   43 hepv      0.00000004     -0.00000043
   44 hlpv      0.00000001      0.00000040
   45 fapv     -0.00005949     -0.00122020
   46 crpv     -0.00000000     -0.00000000
   47 mppv     -0.00000000     -0.00000000
   48 fppv     -0.00000000     -0.00000000
   49 appv      0.00000000      0.00000000
   50 hppv     -0.00000000     -0.00000000
   51 cppv      0.00000000      0.00000000
   52 mgcf     -0.00000000      0.00000000
   53 fecf     -0.00000000     -0.00000000
   54 nacf      0.00000000      0.00000000
   55 hmag      0.00000000      0.00000000
   56 crcf     -0.00000000     -0.00000000
   57 mnal     -0.00000000     -0.00000000
   58 fnal     -0.00000000     -0.00000000
   59 nnal     -0.00000000      0.00000000
   60 pe        0.00001373     -0.00005964
   61 wu        0.00001013     -0.00006764
   62 wuls     -0.00000165      0.00058732
   63 anao      0.00000000      0.00000000
   64 mag       0.00000006     -0.00000244
   65 qtz      -0.00000000     -0.00000000
   66 coes     -0.00000000      0.00000000
   67 st        0.00000000     -0.00000000
   68 apbo     -0.00000000      0.00000000
   69 ky        0.00000000      0.00000000
   70 neph      0.00000000      0.00000000
   71 fea       0.00000000      0.00000000
   72 feg      -0.00002963     -0.00061257
   73 fee      -0.00000000     -0.00000000
 dndt and dndp by species:
    1 an        0.00000000     -0.00000000
    2 ab       -0.00000000      0.00000000
    3 sp        0.00000000     -0.00000000
    4 hc        0.00000000      0.00000000
    5 smag      0.00000000     -0.00000000
    6 picr      0.00000000     -0.00000000
    7 en       -0.00000000     -0.00000000
    8 fs        0.00000000     -0.00000000
    9 mgts      0.00000000      0.00000000
   10 odi       0.00000000     -0.00000000
   11 mgc2     -0.00000000      0.00000000
   12 fec2     -0.00000000      0.00000000
   13 di        0.00000000      0.00000000
   14 he       -0.00000000     -0.00000000
   15 cen      -0.00000000     -0.00000000
   16 cats     -0.00000000     -0.00000000
   17 jd        0.00000000     -0.00000000
   18 acm      -0.00000000     -0.00000000
   19 wo       -0.00000000     -0.00000000
   20 pwo      -0.00000000     -0.00000000
   21 py       -0.00000000      0.00000000
   22 al       -0.00000000     -0.00000000
   23 gr       -0.00000000     -0.00000000
   24 mgmj     -0.00000000     -0.00000000
   25 namj     -0.00000000      0.00000000
   26 andr      0.00000000     -0.00000000
   27 knor     -0.00000000      0.00000000
   28 capv     -0.00000000      0.00000000
   29 fo        0.00000000      0.00000000
   30 fa       -0.00000000     -0.00000000
   31 mgwa     -0.00000000     -0.00000000
   32 fewa      0.00000000      0.00000000
   33 mgri     -0.00000000      0.00000000
   34 feri     -0.00000000      0.00000000
   35 mgil     -0.00000000     -0.00000000
   36 feil      0.00000000      0.00000000
   37 co        0.00000000      0.00000000
   38 hem       0.00000000      0.00000000
   39 esk      -0.00000000     -0.00000000
   40 mgpv     -0.00005612      0.00067660
   41 fepv      0.00005612     -0.00067660
   42 alpv      0.00002667      0.00049215
   43 hepv      0.00000004     -0.00000037
   44 hlpv      0.00000002      0.00000079
   45 fapv     -0.00005334     -0.00098429
   46 crpv      0.00000000      0.00000000
   47 mppv     -0.00000000     -0.00000000
   48 fppv      0.00000000      0.00000000
   49 appv     -0.00000000     -0.00000000
   50 hppv      0.00000000     -0.00000000
   51 cppv     -0.00000000     -0.00000000
   52 mgcf      0.00000000      0.00000000
   53 fecf      0.00000000     -0.00000000
   54 nacf      0.00000000      0.00000000
   55 hmag      0.00000000     -0.00000000
   56 crcf      0.00000000      0.00000000
   57 mnal      0.00000000      0.00000000
   58 fnal     -0.00000000     -0.00000000
   59 nnal      0.00000000      0.00000000
   60 pe        0.00001403     -0.00016915
   61 wu        0.00001111     -0.00022120
   62 wuls     -0.00000521      0.00076029
   63 anao      0.00000000     -0.00000000
   64 mag       0.00000003     -0.00000115
   65 qtz       0.00000000      0.00000000
   66 coes      0.00000000      0.00000000
   67 st       -0.00000000      0.00000000
   68 apbo     -0.00000000     -0.00000000
   69 ky       -0.00000000      0.00000000
   70 neph     -0.00000000      0.00000000
   71 fea      -0.00000000     -0.00000000
   72 feg      -0.00000000     -0.00000000
   73 fee      -0.00002658     -0.00049288
 dndt and dndp by species:
    1 an        0.00000000      0.00000000
    2 ab        0.00000000      0.00000000
    3 sp        0.00000000      0.00000000
    4 hc        0.00000000     -0.00000000
    5 smag     -0.00000000      0.00000000
    6 picr     -0.00000000      0.00000000
    7 en       -0.00000000     -0.00000000
    8 fs        0.00000000     -0.00000000
    9 mgts      0.00000000     -0.00000000
   10 odi       0.00000000     -0.00000000
   11 mgc2      0.00000000     -0.00000000
   12 fec2      0.00000000     -0.00000000
   13 di        0.00000000     -0.00000000
   14 he       -0.00000000     -0.00000000
   15 cen       0.00000000     -0.00000000
   16 cats     -0.00000000      0.00000000
   17 jd        0.00000000     -0.00000000
   18 acm      -0.00000000      0.00000000
   19 wo        0.00000000      0.00000000
   20 pwo      -0.00000000      0.00000000
   21 py       -0.00000000      0.00000000
   22 al       -0.00000000      0.00000000
   23 gr        0.00000000      0.00000000
   24 mgmj     -0.00000000      0.00000000
   25 namj     -0.00000000     -0.00000000
   26 andr     -0.00000000     -0.00000000
   27 knor      0.00000000     -0.00000000
   28 capv      0.00000000     -0.00000000
   29 fo        0.00000000     -0.00000000
   30 fa        0.00000000      0.00000000
   31 mgwa     -0.00000000     -0.00000000
   32 fewa      0.00000000      0.00000000
   33 mgri      0.00000000     -0.00000000
   34 feri      0.00000000      0.00000000
   35 mgil      0.00000000     -0.00000000
   36 feil      0.00000000     -0.00000000
   37 co        0.00000000      0.00000000
   38 hem      -0.00000000      0.00000000
   39 esk      -0.00000000      0.00000000
   40 mgpv     -0.00005461      0.00096335
   41 fepv      0.00005461     -0.00096335
   42 alpv      0.00001866      0.00049099
   43 hepv      0.00000003     -0.00000036
   44 hlpv      0.00000003      0.00000129
   45 fapv     -0.00003731     -0.00098198
   46 crpv      0.00000000      0.00000000
   47 mppv      0.00000000     -0.00000000
   48 fppv     -0.00000000      0.00000000
   49 appv     -0.00000000     -0.00000000
   50 hppv     -0.00000000     -0.00000000
   51 cppv      0.00000000      0.00000000
   52 mgcf     -0.00000000      0.00000000
   53 fecf      0.00000000     -0.00000000
   54 nacf      0.00000000     -0.00000000
   55 hmag     -0.00000000     -0.00000000
   56 crcf     -0.00000000      0.00000000
   57 mnal     -0.00000000      0.00000000
   58 fnal      0.00000000     -0.00000000
   59 nnal     -0.00000000      0.00000000
   60 pe        0.00001365     -0.00024084
   61 wu        0.00001087     -0.00031729
   62 wuls     -0.00001058      0.00092567
   63 anao     -0.00000000     -0.00000000
   64 mag       0.00000000      0.00000000
   65 qtz       0.00000000      0.00000000
   66 coes     -0.00000000      0.00000000
   67 st        0.00000000     -0.00000000
   68 apbo      0.00000000      0.00000000
   69 ky        0.00000000     -0.00000000
   70 neph      0.00000000      0.00000000
   71 fea      -0.00000000      0.00000000
   72 feg       0.00000000     -0.00000000
   73 fee      -0.00001859     -0.00049006
 dndt and dndp by species:
    1 an        0.00000000     -0.00000000
    2 ab       -0.00000000      0.00000000
    3 sp        0.00000000     -0.00000000
    4 hc        0.00000000      0.00000000
    5 smag      0.00000000     -0.00000000
    6 picr      0.00000000     -0.00000000
    7 en       -0.00000000     -0.00000000
    8 fs        0.00000000     -0.00000000
    9 mgts      0.00000000      0.00000000
   10 odi       0.00000000     -0.00000000
   11 mgc2     -0.00000000      0.00000000
   12 fec2     -0.00000000      0.00000000
   13 di        0.00000000      0.00000000
   14 he       -0.00000000     -0.00000000
   15 cen      -0.00000000     -0.00000000
   16 cats     -0.00000000     -0.00000000
   17 jd        0.00000000     -0.00000000
   18 acm      -0.00000000      0.00000000
   19 wo        0.00000000     -0.00000000
   20 pwo       0.00000000     -0.00000000
   21 py       -0.00000000      0.00000000
   22 al       -0.00000000      0.00000000
   23 gr       -0.00000000     -0.00000000
   24 mgmj     -0.00000000     -0.00000000
   25 namj     -0.00000000      0.00000000
   26 andr      0.00000000     -0.00000000
   27 knor     -0.00000000      0.00000000
   28 capv     -0.00000000      0.00000000
   29 fo       -0.00000000      0.00000000
   30 fa       -0.00000000     -0.00000000
   31 mgwa     -0.00000000      0.00000000
   32 fewa     -0.00000000      0.00000000
   33 mgri     -0.00000000      0.00000000
   34 feri     -0.00000000      0.00000000
   35 mgil      0.00000000     -0.00000000
   36 feil      0.00000000      0.00000000
   37 co        0.00000000     -0.00000000
   38 hem      -0.00000000      0.00000000
   39 esk      -0.00000000     -0.00000000
   40 mgpv     -0.00005531      0.00121706
   41 fepv      0.00005531     -0.00121706
   42 alpv      0.00001187      0.00045431
   43 hepv      0.00000003     -0.00000033
   44 hlpv      0.00000004      0.00000190
   45 fapv     -0.00002374     -0.00090862
   46 crpv      0.00000000     -0.00000000
   47 mppv      0.00000000     -0.00000000
   48 fppv      0.00000000      0.00000000
   49 appv      0.00000000     -0.00000000
   50 hppv      0.00000000     -0.00000000
   51 cppv     -0.00000000     -0.00000000
   52 mgcf      0.00000000     -0.00000000
   53 fecf      0.00000000     -0.00000000
   54 nacf      0.00000000     -0.00000000
   55 hmag      0.00000000     -0.00000000
   56 crcf      0.00000000      0.00000000
   57 mnal      0.00000000      0.00000000
   58 fnal     -0.00000000      0.00000000
   59 nnal      0.00000000      0.00000000
   60 pe        0.00001383     -0.00030427
   61 wu        0.00001172     -0.00040770
   62 wuls     -0.00001671      0.00105179
   63 anao      0.00000000     -0.00000000
   64 mag       0.00000001     -0.00000026
   65 qtz       0.00000000      0.00000000
   66 coes      0.00000000      0.00000000
   67 st       -0.00000000      0.00000000
   68 apbo     -0.00000000      0.00000000
   69 ky       -0.00000000      0.00000000
   70 neph     -0.00000000      0.00000000
   71 fea      -0.00000000     -0.00000000
   72 feg      -0.00000000     -0.00000000
   73 fee      -0.00001179     -0.00045301
 dndt and dndp by species:
    1 an        0.00000000     -0.00000000
    2 ab       -0.00000000      0.00000000
    3 sp        0.00000000     -0.00000000
    4 hc        0.00000000      0.00000000
    5 smag      0.00000000     -0.00000000
    6 picr      0.00000000     -0.00000000
    7 en        0.00000000     -0.00000000
    8 fs        0.00000000     -0.00000000
    9 mgts      0.00000000     -0.00000000
   10 odi       0.00000000     -0.00000000
   11 mgc2     -0.00000000      0.00000000
   12 fec2     -0.00000000      0.00000000
   13 di        0.00000000      0.00000000
   14 he       -0.00000000     -0.00000000
   15 cen      -0.00000000     -0.00000000
   16 cats     -0.00000000     -0.00000000
   17 jd        0.00000000     -0.00000000
   18 acm      -0.00000000      0.00000000
   19 wo        0.00000000     -0.00000000
   20 pwo       0.00000000     -0.00000000
   21 py       -0.00000000      0.00000000
   22 al       -0.00000000      0.00000000
   23 gr        0.00000000     -0.00000000
   24 mgmj      0.00000000     -0.00000000
   25 namj     -0.00000000      0.00000000
   26 andr      0.00000000     -0.00000000
   27 knor     -0.00000000      0.00000000
   28 capv     -0.00000000      0.00000000
   29 fo       -0.00000000      0.00000000
   30 fa        0.00000000     -0.00000000
   31 mgwa     -0.00000000      0.00000000
   32 fewa     -0.00000000      0.00000000
   33 mgri     -0.00000000      0.00000000
   34 feri     -0.00000000      0.00000000
   35 mgil      0.00000000     -0.00000000
   36 feil      0.00000000      0.00000000
   37 co        0.00000000     -0.00000000
   38 hem      -0.00000000      0.00000000
   39 esk      -0.00000000     -0.00000000
   40 mgpv     -0.00005763      0.00141650
   41 fepv      0.00005763     -0.00141650
   42 alpv      0.00000663      0.00039409
   43 hepv      0.00000002     -0.00000029
   44 hlpv      0.00000005      0.00000256
   45 fapv     -0.00001327     -0.00078817
   46 crpv      0.00000000     -0.00000000
   47 mppv      0.00000000     -0.00000000
   48 fppv      0.00000000     -0.00000000
   49 appv      0.00000000     -0.00000000
   50 hppv      0.00000000     -0.00000000
   51 cppv     -0.00000000     -0.00000000
   52 mgcf      0.00000000     -0.00000000
   53 fecf      0.00000000     -0.00000000
   54 nacf      0.00000000     -0.00000000
   55 hmag      0.00000000     -0.00000000
   56 crcf      0.00000000      0.00000000
   57 mnal      0.00000000      0.00000000
   58 fnal     -0.00000000      0.00000000
   59 nnal      0.00000000      0.00000000
   60 pe        0.00001441     -0.00035413
   61 wu        0.00001331     -0.00047942
   62 wuls     -0.00002281      0.00112753
   63 anao      0.00000000     -0.00000000
   64 mag       0.00000000     -0.00000012
   65 qtz       0.00000000     -0.00000000
   66 coes      0.00000000      0.00000000
   67 st       -0.00000000      0.00000000
   68 apbo     -0.00000000      0.00000000
   69 ky       -0.00000000      0.00000000
   70 neph     -0.00000000      0.00000000
   71 fea      -0.00000000     -0.00000000
   72 feg      -0.00000000      0.00000000
   73 fee      -0.00000655     -0.00039193
 dndt and dndp by species:
    1 an        0.00000000     -0.00000000
    2 ab       -0.00000000      0.00000000
    3 sp        0.00000000     -0.00000000
    4 hc        0.00000000      0.00000000
    5 smag      0.00000000     -0.00000000
    6 picr      0.00000000     -0.00000000
    7 en        0.00000000     -0.00000000
    8 fs        0.00000000     -0.00000000
    9 mgts      0.00000000     -0.00000000
   10 odi       0.00000000     -0.00000000
   11 mgc2     -0.00000000      0.00000000
   12 fec2     -0.00000000      0.00000000
   13 di       -0.00000000      0.00000000
   14 he       -0.00000000     -0.00000000
   15 cen      -0.00000000      0.00000000
   16 cats     -0.00000000      0.00000000
   17 jd        0.00000000     -0.00000000
   18 acm      -0.00000000      0.00000000
   19 wo        0.00000000     -0.00000000
   20 pwo       0.00000000     -0.00000000
   21 py       -0.00000000      0.00000000
   22 al       -0.00000000      0.00000000
   23 gr        0.00000000     -0.00000000
   24 mgmj      0.00000000     -0.00000000
   25 namj     -0.00000000      0.00000000
   26 andr      0.00000000     -0.00000000
   27 knor     -0.00000000      0.00000000
   28 capv     -0.00000000      0.00000000
   29 fo       -0.00000000      0.00000000
   30 fa        0.00000000     -0.00000000
   31 mgwa     -0.00000000      0.00000000
   32 fewa     -0.00000000      0.00000000
   33 mgri     -0.00000000      0.00000000
   34 feri     -0.00000000      0.00000000
   35 mgil      0.00000000     -0.00000000
   36 feil      0.00000000     -0.00000000
   37 co        0.00000000     -0.00000000
   38 hem      -0.00000000      0.00000000
   39 esk      -0.00000000     -0.00000000
   40 mgpv     -0.00006075      0.00154922
   41 fepv      0.00006075     -0.00154922
   42 alpv      0.00000298      0.00032355
   43 hepv      0.00000002     -0.00000024
   44 hlpv      0.00000007      0.00000321
   45 fapv     -0.00000597     -0.00064711
   46 crpv      0.00000000     -0.00000000
   47 mppv      0.00000000     -0.00000000
   48 fppv      0.00000000     -0.00000000
   49 appv      0.00000000     -0.00000000
   50 hppv      0.00000000     -0.00000000
   51 cppv     -0.00000000     -0.00000000
   52 mgcf      0.00000000     -0.00000000
   53 fecf      0.00000000     -0.00000000
   54 nacf      0.00000000     -0.00000000
   55 hmag      0.00000000     -0.00000000
   56 crcf      0.00000000      0.00000000
   57 mnal      0.00000000      0.00000000
   58 fnal     -0.00000000      0.00000000
   59 nnal     -0.00000000      0.00000000
   60 pe        0.00001519     -0.00038731
   61 wu        0.00001520     -0.00052514
   62 wuls     -0.00002822      0.00115294
   63 anao      0.00000000     -0.00000000
   64 mag       0.00000000     -0.00000005
   65 qtz       0.00000000     -0.00000000
   66 coes      0.00000000     -0.00000000
   67 st       -0.00000000      0.00000000
   68 apbo     -0.00000000      0.00000000
   69 ky       -0.00000000      0.00000000
   70 neph     -0.00000000      0.00000000
   71 fea      -0.00000000     -0.00000000
   72 feg      -0.00000000      0.00000000
   73 fee      -0.00000290     -0.00032064
 dndt and dndp by species:
    1 an        0.00000000     -0.00000000
    2 ab        0.00000000      0.00000000
    3 sp       -0.00000000      0.00000000
    4 hc        0.00000000     -0.00000000
    5 smag     -0.00000000      0.00000000
    6 picr     -0.00000000      0.00000000
    7 en        0.00000000     -0.00000000
    8 fs        0.00000000     -0.00000000
    9 mgts      0.00000000     -0.00000000
   10 odi       0.00000000     -0.00000000
   11 mgc2      0.00000000     -0.00000000
   12 fec2      0.00000000     -0.00000000
   13 di        0.00000000     -0.00000000
   14 he        0.00000000     -0.00000000
   15 cen       0.00000000     -0.00000000
   16 cats     -0.00000000      0.00000000
   17 jd        0.00000000     -0.00000000
   18 acm      -0.00000000      0.00000000
   19 wo        0.00000000     -0.00000000
   20 pwo      -0.00000000      0.00000000
   21 py       -0.00000000      0.00000000
   22 al       -0.00000000      0.00000000
   23 gr        0.00000000     -0.00000000
   24 mgmj     -0.00000000      0.00000000
   25 namj     -0.00000000      0.00000000
   26 andr     -0.00000000      0.00000000
   27 knor      0.00000000     -0.00000000
   28 capv      0.00000000     -0.00000000
   29 fo        0.00000000     -0.00000000
   30 fa        0.00000000      0.00000000
   31 mgwa     -0.00000000     -0.00000000
   32 fewa      0.00000000      0.00000000
   33 mgri      0.00000000     -0.00000000
   34 feri     -0.00000000      0.00000000
   35 mgil      0.00000000     -0.00000000
   36 feil      0.00000000     -0.00000000
   37 co        0.00000000     -0.00000000
   38 hem      -0.00000000      0.00000000
   39 esk      -0.00000000      0.00000000
   40 mgpv     -0.00006385      0.00161370
   41 fepv      0.00006385     -0.00161370
   42 alpv      0.00000070      0.00025382
   43 hepv      0.00000001     -0.00000020
   44 hlpv      0.00000008      0.00000376
   45 fapv     -0.00000141     -0.00050765
   46 crpv     -0.00000000      0.00000000
   47 mppv      0.00000000     -0.00000000
   48 fppv     -0.00000000      0.00000000
   49 appv     -0.00000000      0.00000000
   50 hppv     -0.00000000      0.00000000
   51 cppv      0.00000000     -0.00000000
   52 mgcf     -0.00000000      0.00000000
   53 fecf      0.00000000     -0.00000000
   54 nacf      0.00000000     -0.00000000
   55 hmag      0.00000000     -0.00000000
   56 crcf     -0.00000000      0.00000000
   57 mnal     -0.00000000      0.00000000
   58 fnal      0.00000000     -0.00000000
   59 nnal     -0.00000000      0.00000000
   60 pe        0.00001596     -0.00040342
   61 wu        0.00001699     -0.00054422
   62 wuls     -0.00003250      0.00113534
   63 anao     -0.00000000     -0.00000000
   64 mag       0.00000000     -0.00000000
   65 qtz       0.00000000      0.00000000
   66 coes     -0.00000000      0.00000000
   67 st        0.00000000     -0.00000000
   68 apbo     -0.00000000      0.00000000
   69 ky        0.00000000     -0.00000000
   70 neph      0.00000000     -0.00000000
   71 fea      -0.00000000      0.00000000
   72 feg       0.00000000     -0.00000000
   73 fee      -0.00000061     -0.00025026
 dndt and dndp by species:
    1 an       -0.00000000      0.00000000
    2 ab       -0.00000000      0.00000000
    3 sp        0.00000000     -0.00000000
    4 hc       -0.00000000      0.00000000
    5 smag      0.00000000     -0.00000000
    6 picr     -0.00000000      0.00000000
    7 en       -0.00000000      0.00000000
    8 fs        0.00000000     -0.00000000
    9 mgts     -0.00000000      0.00000000
   10 odi       0.00000000     -0.00000000
   11 mgc2      0.00000000     -0.00000000
   12 fec2     -0.00000000      0.00000000
   13 di        0.00000000     -0.00000000
   14 he        0.00000000     -0.00000000
   15 cen      -0.00000000      0.00000000
   16 cats      0.00000000     -0.00000000
   17 jd        0.00000000     -0.00000000
   18 acm      -0.00000000      0.00000000
   19 wo        0.00000000     -0.00000000
   20 pwo      -0.00000000      0.00000000
   21 py        0.00000000     -0.00000000
   22 al        0.00000000     -0.00000000
   23 gr       -0.00000000      0.00000000
   24 mgmj     -0.00000000      0.00000000
   25 namj     -0.00000000      0.00000000
   26 andr      0.00000000      0.00000000
   27 knor     -0.00000000      0.00000000
   28 capv      0.00000000     -0.00000000
   29 fo        0.00000000     -0.00000000
   30 fa        0.00000000     -0.00000000
   31 mgwa      0.00000000      0.00000000
   32 fewa     -0.00000000      0.00000000
   33 mgri      0.00000000     -0.00000000
   34 feri      0.00000000     -0.00000000
   35 mgil     -0.00000000      0.00000000
   36 feil      0.00000000      0.00000000
   37 co       -0.00000000      0.00000000
   38 hem      -0.00000000      0.00000000
   39 esk      -0.00000000      0.00000000
   40 mgpv     -0.00000000      0.00000000
   41 fepv     -0.00000000      0.00000000
   42 alpv      0.00000000     -0.00000000
   43 hepv     -0.00000000     -0.00000000
   44 hlpv      0.00000000     -0.00000000
   45 fapv      0.00000000     -0.00000000
   46 crpv      0.00000000     -0.00000000
   47 mppv     -0.00003984      0.00250071
   48 fppv      0.00003984     -0.00250071
   49 appv     -0.00000000      0.00000000
   50 hppv     -0.00000000      0.00000000
   51 cppv      0.00000000     -0.00000000
   52 mgcf     -0.00000000      0.00000000
   53 fecf     -0.00000000      0.00000000
   54 nacf     -0.00000000      0.00000000
   55 hmag      0.00000000     -0.00000000
   56 crcf      0.00000000     -0.00000000
   57 mnal     -0.00000000      0.00000000
   58 fnal     -0.00000000      0.00000000
   59 nnal      0.00000000     -0.00000000
   60 pe        0.00000996     -0.00062518
   61 wu        0.00001529     -0.00031715
   62 wuls     -0.00002525      0.00094233
   63 anao      0.00000000     -0.00000000
   64 mag      -0.00000000     -0.00000000
   65 qtz      -0.00000000      0.00000000
   66 coes     -0.00000000      0.00000000
   67 st        0.00000000     -0.00000000
   68 apbo     -0.00000000      0.00000000
   69 ky       -0.00000000      0.00000000
   70 neph     -0.00000000      0.00000000
   71 fea      -0.00000000      0.00000000
   72 feg      -0.00000000      0.00000000
   73 fee      -0.00000000      0.00000000
 dndt and dndp by species:
    1 an       -0.00000000      0.00000000
    2 ab       -0.00000000      0.00000000
    3 sp        0.00000000     -0.00000000
    4 hc       -0.00000000      0.00000000
    5 smag      0.00000000     -0.00000000
    6 picr     -0.00000000      0.00000000
    7 en       -0.00000000      0.00000000
    8 fs        0.00000000     -0.00000000
    9 mgts     -0.00000000      0.00000000
   10 odi       0.00000000     -0.00000000
   11 mgc2      0.00000000     -0.00000000
   12 fec2     -0.00000000      0.00000000
   13 di        0.00000000     -0.00000000
   14 he        0.00000000     -0.00000000
   15 cen      -0.00000000      0.00000000
   16 cats      0.00000000     -0.00000000
   17 jd        0.00000000     -0.00000000
   18 acm      -0.00000000      0.00000000
   19 wo        0.00000000     -0.00000000
   20 pwo      -0.00000000      0.00000000
   21 py        0.00000000     -0.00000000
   22 al        0.00000000     -0.00000000
   23 gr       -0.00000000      0.00000000
   24 mgmj     -0.00000000      0.00000000
   25 namj     -0.00000000      0.00000000
   26 andr     -0.00000000      0.00000000
   27 knor     -0.00000000      0.00000000
   28 capv      0.00000000     -0.00000000
   29 fo        0.00000000     -0.00000000
   30 fa        0.00000000     -0.00000000
   31 mgwa      0.00000000      0.00000000
   32 fewa     -0.00000000      0.00000000
   33 mgri      0.00000000     -0.00000000
   34 feri      0.00000000     -0.00000000
   35 mgil     -0.00000000      0.00000000
   36 feil     -0.00000000      0.00000000
   37 co       -0.00000000      0.00000000
   38 hem      -0.00000000      0.00000000
   39 esk      -0.00000000      0.00000000
   40 mgpv     -0.00000000      0.00000000
   41 fepv     -0.00000000      0.00000000
   42 alpv      0.00000000     -0.00000000
   43 hepv      0.00000000     -0.00000000
   44 hlpv      0.00000000     -0.00000000
   45 fapv      0.00000000     -0.00000000
   46 crpv      0.00000000     -0.00000000
   47 mppv     -0.00004942      0.00244406
   48 fppv      0.00004942     -0.00244406
   49 appv     -0.00000000      0.00000000
   50 hppv     -0.00000000      0.00000000
   51 cppv      0.00000000     -0.00000000
   52 mgcf     -0.00000000      0.00000000
   53 fecf     -0.00000000      0.00000000
   54 nacf     -0.00000000      0.00000000
   55 hmag      0.00000000     -0.00000000
   56 crcf      0.00000000     -0.00000000
   57 mnal     -0.00000000      0.00000000
   58 fnal     -0.00000000      0.00000000
   59 nnal      0.00000000     -0.00000000
   60 pe        0.00001235     -0.00061102
   61 wu        0.00001551     -0.00031274
   62 wuls     -0.00002786      0.00092375
   63 anao      0.00000000     -0.00000000
   64 mag       0.00000000     -0.00000000
   65 qtz      -0.00000000      0.00000000
   66 coes     -0.00000000      0.00000000
   67 st        0.00000000     -0.00000000
   68 apbo     -0.00000000      0.00000000
   69 ky       -0.00000000      0.00000000
   70 neph     -0.00000000      0.00000000
   71 fea      -0.00000000      0.00000000
   72 feg      -0.00000000      0.00000000
   73 fee      -0.00000000      0.00000000
