        -0.00000         0.00000      1599.99994      1282.53974
       304.12654        10.00000      1732.65658      1282.54011
       573.57014        20.00000      1870.02867      1282.53427
       809.19806        30.00000      1954.16726      1282.53195
      1030.33473        40.00000      2036.07377      1282.53199
      1246.04810        50.00000      2111.28600      1282.53202
      1456.72297        60.00000      2181.29419      1282.53203
      1662.57955        70.00000      2248.08302      1282.53202
      1863.68911        80.00000      2310.79447      1282.53199
      2059.99719        90.00000      2370.90764      1282.53195
      2251.34406       100.00000      2428.86246      1282.53190
      2437.49614       110.00000      2484.91337      1282.53184
      2618.17000       120.00000      2539.19581      1282.53178
      2793.08810       130.00000      2655.03087      1282.53227
      2962.47378       140.00000      2704.54793      1282.53216
