   Pi    depth   Ti       vpplg        vpsp         vpopx        vpc2c        vpcpx        vpwo         vppwo        vpgt         vpcpv        vpol         vpwa         vpri         vpil         vppv         vpppv        vpcf         vpnal        vpmw         vpqtz        vpcoes       vpst         vpapbo       vpky         vpneph       vpfea        vpfeg        vpfee        
   0.00    -0.00  1600.00         6.48479         7.78656         6.75838         6.95662         7.48981         6.83337         6.08189         8.16724         8.98862         7.56492         7.49339         8.16013         8.24804         8.61459         7.93408         8.32374         9.00121         6.69246         6.76801         7.58640        10.74585        10.88801         8.61742         5.50748         4.57267         4.43118         4.41265
  10.00   304.13  1732.66         7.20370         8.12359         8.24651         8.09098         8.46939         7.73112         6.93909         9.08967         9.52986         8.36962         8.22887         8.79135         8.93643         9.10949         8.62078         8.91030         9.62360         7.34707         6.49533         7.82431        11.19007        11.34659         9.22861         6.66144         5.48064         5.44448         5.26989
  20.00   573.57  1870.03         7.77649         8.59415         8.87281         8.90397         8.89254         8.35956         7.52011         9.64106         9.99024         8.07445         8.78903        10.07375         9.47664         9.52449         9.14227         9.39144        10.13264         7.83388         6.96182         7.88637        11.54766        11.73881         9.71385         6.74539         6.11976         6.38026         5.88423
  30.00   809.20  1954.17         8.16200         9.00420         9.64137         9.58118         9.45770         8.86496         7.97320         9.84756        10.73169         8.57559         9.27044         9.73288         9.95524        11.52155         9.60459         9.82559        10.59399         9.98079         7.17968         7.83789        11.87734        12.12318        10.14134         7.29418         6.66435         6.93760         6.41461
  40.00  1030.33  2036.07         8.39422         9.35735        10.28134        10.15847         9.94025         9.28321         8.33922        10.24818        11.09832         8.99878         9.68237        10.11592        10.37147        11.87954        10.00005        10.20686        10.99956        10.35421         7.28625         7.68104        12.13565        12.46778        10.51092         7.60368         7.12354         7.40773         6.85875
  50.00  1246.05  2111.29         8.46923         9.67119        10.83812        10.66839        10.36559         9.64243         8.64630        10.60406        11.43195         9.36983        10.04598        10.45740        10.74412        12.20903        10.35017        10.54973        11.36501        10.66095         7.35545         7.42285        12.31164        12.78399        10.83907         7.82799         7.52727         7.82094         7.24732
  60.00  1456.72  2181.29         8.31600         9.95472        11.33464        11.12813        10.74772         9.95800         8.90996        10.92523        11.73847         9.70207        10.37262        10.76638        11.08288        12.51552        10.66546        10.86201        11.69859        10.91663         7.40554         7.05832        12.34892        13.07650        11.13472         7.99075         7.88993         8.19207         7.59485
  70.00  1662.58  2248.08         7.61859        10.21363        11.78470        11.54848        11.09562        10.23963         9.13999        11.21826        12.02217        10.00378        10.66961        11.04885        11.39409        12.80254        10.95266        11.14904        12.00585        11.13879         7.44434         6.57144        12.02162        13.34847        11.40382         8.10943         8.22034         8.35404         8.14911
  80.00  1863.69  2310.79        -3.83766        10.45259        12.19816        11.93745        11.41608        10.49437         9.34335        11.48845        12.28672        10.28130        10.94275        11.30979        11.68303        13.07344        11.21733        11.41539        12.29161        11.33818         7.47703         5.93146        12.84416        13.60355        11.65140         8.19470         8.52545         8.67244         8.42955
  90.00  2060.00  2370.91         6.85661        10.67437        12.58133        12.30025        11.71356        10.72689         9.52475        11.73918        12.53464        10.53860        11.19574        11.55231        11.95294        13.33012        11.46284        11.66395        12.55888        11.52314         7.50593         5.07404        13.47827        13.84355        11.88060         8.25231         8.80938         8.96819         8.69066
 100.00  2251.34  2428.86         6.83230        10.88128        12.93906        12.64094        11.99156        10.94083         9.68776        11.97320        12.76809        10.77883        11.43158        11.77904        12.20655        13.57411        11.69202        11.89721        12.81023        11.70041         7.53269         3.84218        13.85907        14.07031        12.09405         8.28665         9.07547         9.24495         8.93547
 110.00  2437.50  2484.91         6.80775        11.07508        13.27505        12.96269        12.25284        11.13895         9.83515        12.19269        12.98880        11.00445        11.65263        11.99204        12.44604        13.80653        11.90711        12.11715        13.04772        11.87377         7.55836         1.43471        14.15785        14.28539        12.29388         8.30104         9.32635         9.50557         9.16634
 120.00  2618.17  2539.20         6.78325        11.25711         8.46806        13.26799        12.49957        11.32345         9.96904        12.39939        13.19824        11.21740        11.86080        12.19301        12.67316        14.02827        12.10988        12.32540        13.27304        12.04483         7.58366        -3.55304        14.41564        14.49009        12.48179         8.29815         9.56405         9.75225         9.38512
 130.00  2793.09  2655.03         6.75007        11.41525         6.73606        13.54638        12.72248        11.48884        10.08612        12.58149        13.39184        11.40445        12.04517        12.36972        12.87430        12.34232        14.06464        12.51173        13.47325        12.52665         7.58256        -5.49887        14.61849        14.66251        12.64366         8.26317         9.77202         9.96730         9.37749
 140.00  2962.47  2704.55         6.72638        11.57735         6.71909        13.82519        12.94557        11.65145        10.19820        12.76719        13.58268        11.59706        12.23249        12.55114        13.08154        12.51654        14.28964        12.70116        13.67909        12.67135         7.60885        -7.09160        14.83496        14.85092        12.81248         8.23061         9.98921        10.19240         9.58181
